0.000000 1.000000 -0.000484 0.828125 -0.984375
0.000000 1.000000 -0.000484 0.828125 -0.984375
0.010010 1.000000 -0.000484 0.828125 -0.984375
0.020020 1.000000 -0.000484 0.828125 -0.984375
0.030029 1.000000 -0.000484 0.828125 -0.984375
0.040039 1.000000 -0.000484 0.828125 -0.984375
0.050049 1.000000 -0.000484 0.828125 -0.984375
0.060059 1.000000 -0.000484 0.828125 -0.984375
0.070312 1.000000 -0.008301 0.828125 -0.992188
0.080078 1.000000 -0.016113 0.828125 -1.000000
0.089844 1.000000 -0.023926 0.828125 -1.007812
0.099609 1.000000 -0.039551 0.832031 -1.023438
0.109375 1.000000 -0.055176 0.835938 -1.039062
0.119141 0.996094 -0.070801 0.832031 -1.062500
0.128906 0.996094 -0.086426 0.835938 -1.078125
0.138672 0.996094 -0.102051 0.835938 -1.093750
0.148438 0.992188 -0.117188 0.835938 -1.109375
0.158203 0.992188 -0.132812 0.835938 -1.125000
0.167969 0.988281 -0.148438 0.835938 -1.140625
0.177734 0.988281 -0.164062 0.839844 -1.156250
0.187500 0.984375 -0.178711 0.839844 -1.164062
0.197266 0.980469 -0.194336 0.835938 -1.179688
0.207031 0.976562 -0.209961 0.839844 -1.203125
0.216797 0.972656 -0.232422 0.839844 -1.226562
0.226562 0.968750 -0.255859 0.839844 -1.250000
0.236328 0.960938 -0.277344 0.839844 -1.265625
0.246094 0.953125 -0.300781 0.839844 -1.296875
0.255859 0.945312 -0.322266 0.839844 -1.320312
0.265625 0.937500 -0.345703 0.839844 -1.343750
0.275391 0.929688 -0.367188 0.839844 -1.359375
0.285156 0.917969 -0.396484 0.839844 -1.390625
0.294922 0.906250 -0.423828 0.839844 -1.421875
0.304688 0.890625 -0.453125 0.835938 -1.453125
0.314453 0.878906 -0.480469 0.839844 -1.484375
0.324219 0.863281 -0.507812 0.839844 -1.507812
0.333984 0.839844 -0.539062 0.835938 -1.539062
0.343750 0.820312 -0.570312 0.835938 -1.570312
0.353516 0.800781 -0.597656 0.839844 -1.593750
0.363281 0.777344 -0.628906 0.839844 -1.625000
0.373047 0.753906 -0.660156 0.843750 -1.656250
0.382812 0.722656 -0.691406 0.843750 -1.687500
0.392578 0.691406 -0.722656 0.843750 -1.710938
0.402344 0.656250 -0.753906 0.847656 -1.734375
0.412109 0.621094 -0.785156 0.851562 -1.757812
0.421875 0.574219 -0.816406 0.847656 -1.781250
0.431641 0.531250 -0.847656 0.851562 -1.796875
0.441406 0.478516 -0.878906 0.847656 -1.812500
0.451172 0.425781 -0.906250 0.843750 -1.812500
0.460938 0.367188 -0.929688 0.835938 -1.812500
0.470703 0.306641 -0.953125 0.828125 -1.812500
0.480469 0.247070 -0.968750 0.812500 -1.796875
0.490234 0.190430 -0.980469 0.796875 -1.781250
0.500000 0.134766 -0.992188 0.773438 -1.765625
0.511719 0.080566 -0.996094 0.746094 -1.742188
0.523438 0.028687 -1.000000 0.718750 -1.718750
0.535156 -0.021118 -1.000000 0.691406 -1.703125
0.546875 -0.069336 -0.996094 0.656250 -1.687500
0.558594 -0.116211 -0.992188 0.621094 -1.664062
0.570312 -0.162109 -0.988281 0.585938 -1.648438
0.582031 -0.207031 -0.976562 0.550781 -1.625000
0.593750 -0.251953 -0.968750 0.507812 -1.617188
0.605469 -0.294922 -0.957031 0.466797 -1.609375
0.617188 -0.337891 -0.941406 0.423828 -1.593750
0.628906 -0.378906 -0.925781 0.382812 -1.578125
0.640625 -0.419922 -0.906250 0.333984 -1.562500
0.652344 -0.460938 -0.886719 0.285156 -1.546875
0.664062 -0.496094 -0.867188 0.242188 -1.539062
0.675781 -0.535156 -0.847656 0.195312 -1.531250
0.687500 -0.570312 -0.820312 0.144531 -1.515625
0.699219 -0.605469 -0.796875 0.097656 -1.507812
0.710938 -0.632812 -0.773438 0.046875 -1.500000
0.722656 -0.664062 -0.746094 -0.003906 -1.500000
0.734375 -0.691406 -0.722656 -0.050781 -1.492188
0.746094 -0.718750 -0.695312 -0.101562 -1.484375
0.757812 -0.742188 -0.671875 -0.152344 -1.484375
0.769531 -0.765625 -0.644531 -0.207031 -1.468750
0.781250 -0.789062 -0.617188 -0.257812 -1.468750
0.792969 -0.804688 -0.593750 -0.308594 -1.460938
0.804688 -0.820312 -0.570312 -0.357422 -1.453125
0.816406 -0.835938 -0.546875 -0.410156 -1.453125
0.828125 -0.851562 -0.527344 -0.462891 -1.453125
0.839844 -0.863281 -0.507812 -0.515625 -1.445312
0.851562 -0.875000 -0.486328 -0.566406 -1.437500
0.863281 -0.882812 -0.472656 -0.617188 -1.437500
0.875000 -0.886719 -0.458984 -0.664062 -1.429688
0.886719 -0.894531 -0.445312 -0.714844 -1.429688
0.898438 -0.902344 -0.431641 -0.765625 -1.421875
0.910156 -0.910156 -0.417969 -0.820312 -1.414062
0.921875 -0.914062 -0.402344 -0.871094 -1.406250
0.933594 -0.914062 -0.402344 -0.914062 -1.406250
0.945312 -0.914062 -0.402344 -0.960938 -1.406250
0.957031 -0.914062 -0.402344 -1.007812 -1.398438
0.968750 -0.914062 -0.402344 -1.054688 -1.390625
0.980469 -0.914062 -0.402344 -1.101562 -1.390625
0.992188 -0.914062 -0.402344 -1.140625 -1.375000
1.000000 -0.914062 -0.410156 -1.187500 -1.375000
1.007812 -0.906250 -0.423828 -1.226562 -1.367188
1.015625 -0.898438 -0.437500 -1.265625 -1.367188
1.023438 -0.890625 -0.453125 -1.304688 -1.359375
1.031250 -0.882812 -0.466797 -1.343750 -1.351562
1.039062 -0.875000 -0.486328 -1.382812 -1.351562
1.046875 -0.863281 -0.507812 -1.421875 -1.343750
1.054688 -0.843750 -0.535156 -1.437500 -1.335938
1.062500 -0.828125 -0.558594 -1.468750 -1.328125
1.070312 -0.808594 -0.589844 -1.500000 -1.312500
1.078125 -0.789062 -0.617188 -1.523438 -1.296875
1.085938 -0.761719 -0.648438 -1.539062 -1.281250
1.093750 -0.738281 -0.675781 -1.554688 -1.250000
1.101562 -0.710938 -0.703125 -1.562500 -1.218750
1.109375 -0.679688 -0.730469 -1.562500 -1.195312
1.117188 -0.652344 -0.757812 -1.562500 -1.171875
1.125000 -0.625000 -0.781250 -1.554688 -1.148438
1.132812 -0.597656 -0.800781 -1.546875 -1.117188
1.140625 -0.570312 -0.820312 -1.531250 -1.085938
1.148438 -0.539062 -0.839844 -1.515625 -1.054688
1.156250 -0.511719 -0.859375 -1.500000 -1.039062
1.164062 -0.490234 -0.871094 -1.476562 -1.015625
1.171875 -0.464844 -0.886719 -1.460938 -0.988281
1.179688 -0.441406 -0.898438 -1.437500 -0.960938
1.187500 -0.416016 -0.910156 -1.414062 -0.933594
1.195312 -0.390625 -0.921875 -1.390625 -0.914062
1.203125 -0.367188 -0.929688 -1.367188 -0.890625
1.210938 -0.339844 -0.941406 -1.335938 -0.871094
1.218750 -0.314453 -0.949219 -1.312500 -0.847656
1.226562 -0.289062 -0.957031 -1.281250 -0.832031
1.234375 -0.261719 -0.964844 -1.250000 -0.816406
1.242188 -0.236328 -0.972656 -1.218750 -0.800781
1.250000 -0.208984 -0.976562 -1.187500 -0.781250
1.257812 -0.182617 -0.984375 -1.156250 -0.773438
1.265625 -0.155273 -0.988281 -1.125000 -0.765625
1.273438 -0.128906 -0.992188 -1.101562 -0.753906
1.281250 -0.101074 -0.996094 -1.070312 -0.742188
1.289062 -0.072754 -0.996094 -1.039062 -0.726562
1.296875 -0.044434 -1.000000 -1.000000 -0.714844
1.304688 -0.015991 -1.000000 -0.968750 -0.703125
1.312500 0.012451 -1.000000 -0.937500 -0.687500
1.320312 0.041016 -1.000000 -0.906250 -0.671875
1.328125 0.069336 -0.996094 -0.871094 -0.660156
1.335938 0.097656 -0.996094 -0.839844 -0.652344
1.343750 0.125977 -0.992188 -0.812500 -0.648438
1.351562 0.154297 -0.988281 -0.781250 -0.644531
1.359375 0.183594 -0.984375 -0.753906 -0.640625
1.367188 0.211914 -0.976562 -0.726562 -0.632812
1.375000 0.241211 -0.968750 -0.695312 -0.625000
1.382812 0.267578 -0.964844 -0.671875 -0.621094
1.390625 0.294922 -0.957031 -0.640625 -0.613281
1.398438 0.320312 -0.949219 -0.617188 -0.605469
1.406250 0.345703 -0.937500 -0.593750 -0.593750
1.414062 0.371094 -0.929688 -0.566406 -0.585938
1.421875 0.396484 -0.917969 -0.539062 -0.574219
1.429688 0.421875 -0.906250 -0.515625 -0.562500
1.437500 0.447266 -0.894531 -0.490234 -0.550781
1.445312 0.470703 -0.882812 -0.466797 -0.539062
1.453125 0.496094 -0.867188 -0.441406 -0.523438
1.460938 0.519531 -0.855469 -0.417969 -0.511719
1.468750 0.542969 -0.839844 -0.394531 -0.496094
1.476562 0.566406 -0.824219 -0.375000 -0.488281
1.484375 0.589844 -0.808594 -0.355469 -0.478516
1.492188 0.609375 -0.792969 -0.335938 -0.470703
1.500000 0.632812 -0.773438 -0.316406 -0.458984
1.507812 0.652344 -0.757812 -0.300781 -0.451172
1.515625 0.671875 -0.738281 -0.285156 -0.445312
1.523438 0.691406 -0.722656 -0.269531 -0.445312
1.531250 0.710938 -0.703125 -0.253906 -0.441406
1.539062 0.730469 -0.683594 -0.238281 -0.437500
1.546875 0.746094 -0.664062 -0.226562 -0.433594
1.554688 0.761719 -0.648438 -0.214844 -0.431641
1.562500 0.773438 -0.632812 -0.207031 -0.431641
1.570312 0.789062 -0.617188 -0.195312 -0.431641
1.578125 0.800781 -0.601562 -0.183594 -0.429688
1.585938 0.812500 -0.585938 -0.175781 -0.429688
1.593750 0.820312 -0.570312 -0.167969 -0.429688
1.601562 0.832031 -0.554688 -0.160156 -0.429688
1.609375 0.839844 -0.539062 -0.152344 -0.429688
1.617188 0.851562 -0.527344 -0.144531 -0.433594
1.625000 0.859375 -0.515625 -0.136719 -0.437500
1.632812 0.867188 -0.500000 -0.132812 -0.437500
1.640625 0.875000 -0.486328 -0.125000 -0.439453
1.648438 0.882812 -0.472656 -0.117188 -0.441406
1.656250 0.886719 -0.458984 -0.113281 -0.443359
1.664062 0.894531 -0.445312 -0.105469 -0.445312
1.671875 0.902344 -0.431641 -0.097656 -0.447266
1.679688 0.910156 -0.417969 -0.089844 -0.449219
1.687500 0.914062 -0.402344 -0.085938 -0.449219
1.695312 0.921875 -0.388672 -0.074219 -0.451172
1.703125 0.925781 -0.373047 -0.070312 -0.451172
1.710938 0.929688 -0.367188 -0.066406 -0.460938
1.718750 0.933594 -0.359375 -0.058594 -0.468750
1.726562 0.937500 -0.351562 -0.054688 -0.476562
1.734375 0.937500 -0.351562 -0.050781 -0.492188
1.742188 0.937500 -0.351562 -0.050781 -0.507812
1.750000 0.937500 -0.351562 -0.046875 -0.523438
1.757812 0.937500 -0.351562 -0.042969 -0.546875
1.765625 0.937500 -0.351562 -0.039062 -0.570312
1.773438 0.937500 -0.351562 -0.031250 -0.593750
1.781250 0.937500 -0.351562 -0.027344 -0.617188
1.789062 0.937500 -0.351562 -0.019531 -0.636719
1.796875 0.937500 -0.351562 -0.015625 -0.660156
1.804688 0.937500 -0.351562 -0.007812 -0.679688
1.812500 0.937500 -0.351562 0.000000 -0.703125
1.820312 0.937500 -0.351562 0.011719 -0.726562
1.828125 0.937500 -0.351562 0.019531 -0.750000
1.835938 0.937500 -0.351562 0.027344 -0.769531
1.843750 0.933594 -0.359375 0.035156 -0.796875
1.851562 0.929688 -0.367188 0.042969 -0.828125
1.859375 0.925781 -0.373047 0.046875 -0.851562
1.867188 0.921875 -0.388672 0.054688 -0.890625
1.875000 0.914062 -0.402344 0.058594 -0.921875
1.882812 0.910156 -0.417969 0.070312 -0.957031
1.890625 0.902344 -0.431641 0.074219 -0.992188
1.898438 0.894531 -0.445312 0.082031 -1.031250
1.906250 0.886719 -0.458984 0.093750 -1.070312
1.914062 0.882812 -0.472656 0.105469 -1.101562
1.921875 0.875000 -0.486328 0.113281 -1.132812
1.929688 0.867188 -0.500000 0.125000 -1.171875
1.937500 0.859375 -0.515625 0.136719 -1.203125
1.945312 0.851562 -0.527344 0.148438 -1.234375
1.953125 0.839844 -0.542969 0.160156 -1.273438
1.960938 0.828125 -0.558594 0.171875 -1.312500
1.968750 0.816406 -0.574219 0.187500 -1.351562
1.976562 0.800781 -0.597656 0.199219 -1.398438
1.984375 0.785156 -0.621094 0.210938 -1.437500
1.992188 0.765625 -0.640625 0.222656 -1.484375
2.000000 0.750000 -0.660156 0.238281 -1.515625
2.015625 0.730469 -0.683594 0.251953 -1.562500
2.031250 0.710938 -0.703125 0.267578 -1.601562
2.046875 0.683594 -0.730469 0.277344 -1.640625
2.062500 0.660156 -0.753906 0.294922 -1.687500
2.078125 0.628906 -0.777344 0.308594 -1.726562
2.093750 0.597656 -0.800781 0.324219 -1.765625
2.109375 0.562500 -0.828125 0.337891 -1.796875
2.125000 0.523438 -0.851562 0.353516 -1.835938
2.140625 0.482422 -0.875000 0.371094 -1.867188
2.156250 0.433594 -0.902344 0.386719 -1.906250
2.171875 0.380859 -0.925781 0.404297 -1.921875
2.187500 0.322266 -0.945312 0.423828 -1.937500
2.203125 0.257812 -0.964844 0.441406 -1.953125
2.218750 0.188477 -0.980469 0.457031 -1.937500
2.234375 0.117676 -0.992188 0.470703 -1.921875
2.250000 0.050537 -1.000000 0.480469 -1.906250
2.265625 -0.012329 -1.000000 0.484375 -1.867188
2.281250 -0.070312 -0.996094 0.484375 -1.828125
2.296875 -0.123047 -0.992188 0.482422 -1.781250
2.312500 -0.172852 -0.984375 0.476562 -1.750000
2.328125 -0.218750 -0.976562 0.468750 -1.703125
2.343750 -0.261719 -0.964844 0.457031 -1.656250
2.359375 -0.302734 -0.953125 0.447266 -1.609375
2.375000 -0.339844 -0.941406 0.433594 -1.578125
2.390625 -0.378906 -0.925781 0.417969 -1.531250
2.406250 -0.414062 -0.910156 0.402344 -1.484375
2.421875 -0.449219 -0.894531 0.386719 -1.437500
2.437500 -0.478516 -0.878906 0.376953 -1.398438
2.453125 -0.511719 -0.859375 0.359375 -1.351562
2.468750 -0.539062 -0.839844 0.343750 -1.312500
2.484375 -0.570312 -0.820312 0.320312 -1.273438
2.500000 -0.597656 -0.800781 0.304688 -1.234375
2.515625 -0.625000 -0.781250 0.289062 -1.187500
2.531250 -0.648438 -0.761719 0.273438 -1.148438
2.546875 -0.671875 -0.742188 0.253906 -1.117188
2.562500 -0.691406 -0.722656 0.242188 -1.078125
2.578125 -0.710938 -0.703125 0.226562 -1.046875
2.593750 -0.730469 -0.683594 0.214844 -1.015625
2.609375 -0.746094 -0.664062 0.203125 -0.976562
2.625000 -0.765625 -0.644531 0.187500 -0.945312
2.640625 -0.781250 -0.621094 0.175781 -0.906250
2.656250 -0.800781 -0.601562 0.160156 -0.875000
2.671875 -0.816406 -0.578125 0.152344 -0.835938
2.687500 -0.832031 -0.554688 0.136719 -0.796875
2.703125 -0.843750 -0.535156 0.128906 -0.761719
2.718750 -0.859375 -0.515625 0.117188 -0.726562
2.734375 -0.871094 -0.494141 0.109375 -0.687500
2.750000 -0.882812 -0.472656 0.101562 -0.652344
2.765625 -0.890625 -0.453125 0.097656 -0.617188
2.781250 -0.898438 -0.437500 0.089844 -0.585938
2.796875 -0.906250 -0.423828 0.085938 -0.554688
2.812500 -0.914062 -0.410156 0.078125 -0.535156
2.828125 -0.917969 -0.396484 0.074219 -0.515625
2.843750 -0.925781 -0.380859 0.066406 -0.490234
2.859375 -0.929688 -0.367188 0.066406 -0.468750
2.875000 -0.937500 -0.351562 0.058594 -0.445312
2.890625 -0.941406 -0.337891 0.054688 -0.431641
2.906250 -0.945312 -0.322266 0.050781 -0.416016
2.921875 -0.953125 -0.308594 0.042969 -0.402344
2.937500 -0.957031 -0.292969 0.039062 -0.386719
2.953125 -0.960938 -0.277344 0.035156 -0.371094
2.968750 -0.964844 -0.263672 0.031250 -0.357422
2.984375 -0.968750 -0.255859 0.027344 -0.349609
3.000000 -0.968750 -0.248047 0.027344 -0.341797
3.015625 -0.968750 -0.248047 0.027344 -0.341797
3.031250 -0.968750 -0.248047 0.027344 -0.341797
3.046875 -0.968750 -0.248047 0.027344 -0.341797
3.062500 -0.968750 -0.248047 0.027344 -0.341797
3.078125 -0.968750 -0.248047 0.027344 -0.341797
3.093750 -0.968750 -0.248047 0.027344 -0.341797
3.109375 -0.968750 -0.248047 0.027344 -0.341797
3.125000 -0.968750 -0.248047 0.027344 -0.341797
3.140625 -0.968750 -0.248047 0.027344 -0.341797
3.156250 -0.968750 -0.248047 0.027344 -0.341797
3.171875 -0.968750 -0.248047 0.027344 -0.341797
3.187500 -0.968750 -0.248047 0.027344 -0.341797
3.203125 -0.968750 -0.248047 0.027344 -0.341797
3.218750 -0.968750 -0.248047 0.027344 -0.341797
3.234375 -0.968750 -0.255859 0.027344 -0.349609
3.250000 -0.964844 -0.263672 0.031250 -0.357422
3.265625 -0.960938 -0.277344 0.035156 -0.371094
3.281250 -0.957031 -0.292969 0.039062 -0.386719
3.296875 -0.953125 -0.308594 0.042969 -0.402344
3.312500 -0.945312 -0.322266 0.050781 -0.416016
3.328125 -0.941406 -0.337891 0.054688 -0.431641
3.343750 -0.937500 -0.351562 0.058594 -0.445312
3.359375 -0.929688 -0.367188 0.066406 -0.460938
3.375000 -0.925781 -0.380859 0.070312 -0.474609
3.390625 -0.917969 -0.396484 0.078125 -0.490234
3.406250 -0.914062 -0.410156 0.082031 -0.503906
3.421875 -0.906250 -0.423828 0.089844 -0.519531
3.437500 -0.898438 -0.437500 0.097656 -0.531250
3.453125 -0.890625 -0.453125 0.105469 -0.546875
3.468750 -0.882812 -0.472656 0.113281 -0.566406
3.484375 -0.871094 -0.494141 0.125000 -0.589844
3.500000 -0.859375 -0.515625 0.136719 -0.609375
3.515625 -0.843750 -0.535156 0.152344 -0.636719
3.531250 -0.832031 -0.554688 0.160156 -0.664062
3.546875 -0.816406 -0.574219 0.175781 -0.691406
3.562500 -0.800781 -0.597656 0.191406 -0.722656
3.578125 -0.785156 -0.621094 0.203125 -0.761719
3.593750 -0.765625 -0.640625 0.222656 -0.796875
3.609375 -0.750000 -0.660156 0.234375 -0.832031
3.625000 -0.730469 -0.683594 0.250000 -0.871094
3.640625 -0.710938 -0.703125 0.269531 -0.906250
3.656250 -0.691406 -0.722656 0.285156 -0.941406
3.671875 -0.671875 -0.738281 0.300781 -0.968750
3.687500 -0.652344 -0.757812 0.316406 -1.007812
3.703125 -0.632812 -0.773438 0.332031 -1.039062
3.718750 -0.605469 -0.792969 0.355469 -1.070312
3.734375 -0.582031 -0.812500 0.375000 -1.109375
3.750000 -0.554688 -0.832031 0.398438 -1.140625
3.765625 -0.523438 -0.851562 0.421875 -1.171875
3.781250 -0.492188 -0.871094 0.445312 -1.218750
3.796875 -0.462891 -0.886719 0.466797 -1.250000
3.812500 -0.431641 -0.902344 0.490234 -1.289062
3.828125 -0.396484 -0.917969 0.515625 -1.328125
3.843750 -0.363281 -0.933594 0.539062 -1.367188
3.859375 -0.328125 -0.945312 0.558594 -1.406250
3.875000 -0.291016 -0.957031 0.585938 -1.445312
3.890625 -0.251953 -0.968750 0.609375 -1.484375
3.906250 -0.210938 -0.976562 0.628906 -1.515625
3.921875 -0.170898 -0.984375 0.644531 -1.562500
3.937500 -0.128906 -0.992188 0.664062 -1.601562
3.953125 -0.083984 -0.996094 0.679688 -1.640625
3.968750 -0.038086 -1.000000 0.691406 -1.687500
3.984375 0.010498 -1.000000 0.703125 -1.718750
4.000000 0.061523 -1.000000 0.710938 -1.765625
4.000000 0.115723 -0.992188 0.718750 -1.796875
4.000000 0.172852 -0.984375 0.718750 -1.820312
4.000000 0.234375 -0.972656 0.718750 -1.843750
4.000000 0.300781 -0.953125 0.710938 -1.867188
4.000000 0.365234 -0.929688 0.695312 -1.875000
4.000000 0.427734 -0.902344 0.671875 -1.875000
4.000000 0.486328 -0.875000 0.644531 -1.859375
4.000000 0.539062 -0.839844 0.617188 -1.835938
4.000000 0.585938 -0.812500 0.593750 -1.812500
4.000000 0.625000 -0.781250 0.566406 -1.781250
4.000000 0.660156 -0.750000 0.539062 -1.742188
4.000000 0.691406 -0.722656 0.515625 -1.703125
4.000000 0.718750 -0.691406 0.488281 -1.664062
4.000000 0.746094 -0.667969 0.466797 -1.625000
4.000000 0.765625 -0.640625 0.439453 -1.585938
4.000000 0.785156 -0.621094 0.416016 -1.546875
4.000000 0.800781 -0.597656 0.388672 -1.507812
4.000000 0.816406 -0.574219 0.365234 -1.468750
4.000000 0.832031 -0.554688 0.341797 -1.421875
4.000000 0.843750 -0.535156 0.316406 -1.390625
4.000000 0.859375 -0.515625 0.296875 -1.343750
4.000000 0.867188 -0.500000 0.269531 -1.296875
4.000000 0.875000 -0.486328 0.246094 -1.265625
4.000000 0.882812 -0.472656 0.222656 -1.226562
4.000000 0.886719 -0.458984 0.199219 -1.187500
4.000000 0.894531 -0.445312 0.179688 -1.140625
4.000000 0.902344 -0.431641 0.164062 -1.101562
4.000000 0.910156 -0.417969 0.148438 -1.062500
4.000000 0.914062 -0.402344 0.128906 -1.023438
4.000000 0.921875 -0.388672 0.117188 -0.984375
4.000000 0.925781 -0.373047 0.097656 -0.937500
4.000000 0.929688 -0.367188 0.085938 -0.902344
4.000000 0.933594 -0.359375 0.070312 -0.867188
4.000000 0.933594 -0.359375 0.054688 -0.839844
4.000000 0.933594 -0.359375 0.042969 -0.812500
4.000000 0.933594 -0.359375 0.027344 -0.781250
4.000000 0.933594 -0.359375 0.015625 -0.757812
4.000000 0.933594 -0.359375 0.003906 -0.726562
4.000000 0.933594 -0.359375 -0.007812 -0.695312
4.000000 0.933594 -0.359375 -0.019531 -0.667969
4.000000 0.933594 -0.359375 -0.027344 -0.636719
4.000000 0.933594 -0.359375 -0.035156 -0.609375
4.000000 0.933594 -0.359375 -0.042969 -0.578125
4.000000 0.933594 -0.359375 -0.046875 -0.546875
4.000000 0.933594 -0.359375 -0.054688 -0.515625
4.000000 0.933594 -0.359375 -0.058594 -0.484375
4.000000 0.933594 -0.359375 -0.062500 -0.453125
4.000000 0.929688 -0.367188 -0.066406 -0.429688
4.000000 0.925781 -0.373047 -0.074219 -0.404297
4.000000 0.925781 -0.380859 -0.074219 -0.380859
4.000000 0.917969 -0.396484 -0.082031 -0.365234
4.000000 0.914062 -0.410156 -0.085938 -0.347656
4.000000 0.906250 -0.423828 -0.089844 -0.330078
4.000000 0.898438 -0.437500 -0.093750 -0.312500
4.000000 0.890625 -0.453125 -0.097656 -0.296875
4.000000 0.882812 -0.466797 -0.101562 -0.281250
4.000000 0.878906 -0.480469 -0.097656 -0.263672
4.000000 0.871094 -0.494141 -0.097656 -0.247070
4.000000 0.863281 -0.507812 -0.097656 -0.230469
4.000000 0.855469 -0.519531 -0.097656 -0.212891
4.000000 0.843750 -0.535156 -0.097656 -0.199219
4.000000 0.835938 -0.550781 -0.093750 -0.185547
4.000000 0.824219 -0.566406 -0.093750 -0.171875
4.000000 0.812500 -0.582031 -0.089844 -0.152344
4.000000 0.800781 -0.597656 -0.089844 -0.138672
4.000000 0.789062 -0.613281 -0.085938 -0.126953
4.000000 0.777344 -0.628906 -0.082031 -0.117188
4.000000 0.761719 -0.648438 -0.082031 -0.109375
4.000000 0.746094 -0.664062 -0.078125 -0.097656
4.000000 0.730469 -0.683594 -0.078125 -0.093750
4.000000 0.710938 -0.703125 -0.078125 -0.085938
4.000000 0.691406 -0.722656 -0.078125 -0.082031
4.000000 0.671875 -0.742188 -0.074219 -0.078125
4.000000 0.648438 -0.761719 -0.078125 -0.074219
4.000000 0.628906 -0.777344 -0.074219 -0.066406
4.000000 0.605469 -0.792969 -0.078125 -0.062500
4.000000 0.585938 -0.812500 -0.074219 -0.058594
4.000000 0.562500 -0.828125 -0.074219 -0.054688
4.000000 0.539062 -0.839844 -0.070312 -0.046875
4.000000 0.515625 -0.855469 -0.070312 -0.046875
4.000000 0.492188 -0.871094 -0.066406 -0.042969
4.000000 0.466797 -0.882812 -0.068359 -0.039062
4.000000 0.439453 -0.898438 -0.068359 -0.035156
4.000000 0.412109 -0.910156 -0.068359 -0.031250
4.000000 0.382812 -0.925781 -0.070312 -0.035156
4.000000 0.353516 -0.933594 -0.070312 -0.027344
4.000000 0.322266 -0.945312 -0.074219 -0.027344
4.000000 0.291016 -0.957031 -0.076172 -0.027344
4.000000 0.257812 -0.964844 -0.080078 -0.023438
4.000000 0.227539 -0.972656 -0.081055 -0.019531
4.000000 0.195312 -0.980469 -0.083984 -0.019531
4.000000 0.162109 -0.988281 -0.085938 -0.019531
4.000000 0.130859 -0.992188 -0.086914 -0.015625
4.000000 0.098145 -0.996094 -0.089355 -0.015625
4.000000 0.065430 -0.996094 -0.090820 -0.007812
4.000000 0.033203 -1.000000 -0.092773 -0.007812
4.000000 0.000854 -1.000000 -0.093750 -0.003906
4.000000 -0.031006 -1.000000 -0.094727 -0.003906
4.000000 -0.062988 -0.996094 -0.095215 0.003906
4.000000 -0.094238 -0.996094 -0.095215 0.003906
4.000000 -0.124512 -0.992188 -0.094238 0.007812
4.000000 -0.154297 -0.988281 -0.092773 0.011719
4.000000 -0.183594 -0.984375 -0.090820 0.011719
4.000000 -0.211914 -0.976562 -0.088379 0.015625
4.000000 -0.241211 -0.968750 -0.086914 0.019531
4.000000 -0.267578 -0.964844 -0.082031 0.019531
4.000000 -0.294922 -0.957031 -0.079102 0.019531
4.000000 -0.320312 -0.949219 -0.074219 0.019531
4.000000 -0.345703 -0.937500 -0.068359 0.023438
4.000000 -0.369141 -0.929688 -0.062500 0.023438
4.000000 -0.390625 -0.921875 -0.054688 0.019531
4.000000 -0.412109 -0.910156 -0.046875 0.019531
4.000000 -0.433594 -0.902344 -0.039062 0.015625
4.000000 -0.455078 -0.890625 -0.033203 0.015625
4.000000 -0.474609 -0.878906 -0.023438 0.011719
4.000000 -0.492188 -0.871094 -0.013672 0.007812
4.000000 -0.511719 -0.859375 -0.007812 0.003906
4.000000 -0.527344 -0.851562 0.003906 -0.003906
4.000000 -0.542969 -0.839844 0.015625 -0.011719
4.000000 -0.558594 -0.828125 0.027344 -0.015625
4.000000 -0.574219 -0.816406 0.035156 -0.023438
4.000000 -0.589844 -0.804688 0.042969 -0.031250
4.000000 -0.605469 -0.796875 0.050781 -0.042969
4.000000 -0.617188 -0.789062 0.062500 -0.058594
4.000000 -0.628906 -0.777344 0.074219 -0.066406
4.000000 -0.640625 -0.769531 0.085938 -0.082031
4.000000 -0.652344 -0.757812 0.093750 -0.093750
4.000000 -0.664062 -0.746094 0.113281 -0.117188
4.000000 -0.671875 -0.738281 0.125000 -0.132812
4.000000 -0.679688 -0.730469 0.136719 -0.152344
4.000000 -0.691406 -0.722656 0.140625 -0.167969
4.000000 -0.699219 -0.714844 0.148438 -0.187500
4.000000 -0.707031 -0.707031 0.160156 -0.207031
4.000000 -0.710938 -0.703125 0.167969 -0.228516
4.000000 -0.718750 -0.695312 0.175781 -0.250000
4.000000 -0.722656 -0.691406 0.187500 -0.273438
4.000000 -0.730469 -0.683594 0.191406 -0.294922
4.000000 -0.734375 -0.679688 0.199219 -0.320312
4.000000 -0.738281 -0.671875 0.207031 -0.341797
4.000000 -0.746094 -0.667969 0.207031 -0.367188
4.000000 -0.750000 -0.660156 0.210938 -0.388672
4.000000 -0.753906 -0.656250 0.214844 -0.414062
4.000000 -0.757812 -0.652344 0.218750 -0.441406
4.000000 -0.757812 -0.652344 0.226562 -0.472656
4.000000 -0.757812 -0.652344 0.230469 -0.503906
4.000000 -0.757812 -0.652344 0.234375 -0.535156
4.000000 -0.757812 -0.652344 0.238281 -0.566406
4.000000 -0.757812 -0.652344 0.242188 -0.597656
4.000000 -0.757812 -0.652344 0.242188 -0.628906
4.000000 -0.757812 -0.652344 0.242188 -0.660156
4.000000 -0.757812 -0.652344 0.238281 -0.722656
4.000000 -0.757812 -0.652344 0.234375 -0.781250
4.000000 -0.753906 -0.656250 0.226562 -0.847656
4.000000 -0.753906 -0.660156 0.214844 -0.914062
4.000000 -0.746094 -0.664062 0.203125 -0.976562
4.000000 -0.742188 -0.671875 0.187500 -1.046875
4.000000 -0.738281 -0.675781 0.164062 -1.109375
4.000000 -0.730469 -0.683594 0.144531 -1.171875
4.000000 -0.726562 -0.687500 0.117188 -1.226562
4.000000 -0.718750 -0.691406 0.089844 -1.281250
4.000000 -0.710938 -0.703125 0.058594 -1.343750
4.000000 -0.703125 -0.710938 0.023438 -1.398438
4.000000 -0.695312 -0.718750 -0.011719 -1.453125
4.000000 -0.683594 -0.730469 -0.046875 -1.500000
4.000000 -0.671875 -0.738281 -0.085938 -1.546875
4.000000 -0.660156 -0.753906 -0.125000 -1.593750
4.000000 -0.644531 -0.765625 -0.164062 -1.640625
4.000000 -0.625000 -0.781250 -0.199219 -1.687500
4.000000 -0.605469 -0.796875 -0.238281 -1.726562
4.000000 -0.582031 -0.812500 -0.273438 -1.765625
4.000000 -0.554688 -0.832031 -0.304688 -1.796875
4.000000 -0.527344 -0.851562 -0.339844 -1.828125
4.000000 -0.492188 -0.871094 -0.365234 -1.859375
4.000000 -0.457031 -0.890625 -0.392578 -1.890625
4.000000 -0.416016 -0.910156 -0.414062 -1.906250
4.000000 -0.369141 -0.929688 -0.429688 -1.929688
4.000000 -0.318359 -0.949219 -0.441406 -1.937500
4.000000 -0.261719 -0.964844 -0.476562 -1.937500
4.000000 -0.203125 -0.980469 -0.507812 -1.937500
4.000000 -0.142578 -0.988281 -0.535156 -1.906250
4.000000 -0.084961 -0.996094 -0.535156 -1.890625
4.000000 -0.031738 -1.000000 -0.535156 -1.859375
4.000000 0.017090 -1.000000 -0.542969 -1.828125
4.000000 0.062012 -1.000000 -0.546875 -1.796875
4.000000 0.103516 -0.996094 -0.554688 -1.750000
4.000000 0.142578 -0.988281 -0.562500 -1.703125
4.000000 0.177734 -0.984375 -0.570312 -1.656250
4.000000 0.210938 -0.976562 -0.574219 -1.593750
4.000000 0.242188 -0.968750 -0.582031 -1.531250
4.000000 0.271484 -0.960938 -0.585938 -1.476562
4.000000 0.298828 -0.953125 -0.585938 -1.414062
4.000000 0.324219 -0.945312 -0.589844 -1.351562
4.000000 0.349609 -0.937500 -0.585938 -1.281250
4.000000 0.373047 -0.925781 -0.585938 -1.210938
4.000000 0.394531 -0.917969 -0.570312 -1.171875
4.000000 0.416016 -0.910156 -0.554688 -1.140625
4.000000 0.437500 -0.898438 -0.542969 -1.093750
4.000000 0.457031 -0.890625 -0.527344 -1.054688
4.000000 0.476562 -0.878906 -0.515625 -1.015625
4.000000 0.492188 -0.871094 -0.503906 -0.976562
4.000000 0.511719 -0.859375 -0.484375 -0.933594
4.000000 0.527344 -0.851562 -0.472656 -0.894531
4.000000 0.542969 -0.839844 -0.457031 -0.851562
4.000000 0.558594 -0.828125 -0.441406 -0.808594
4.000000 0.574219 -0.816406 -0.425781 -0.796875
4.000000 0.589844 -0.804688 -0.410156 -0.785156
4.000000 0.605469 -0.796875 -0.394531 -0.777344
4.000000 0.617188 -0.789062 -0.382812 -0.769531
4.000000 0.628906 -0.777344 -0.371094 -0.757812
4.000000 0.640625 -0.769531 -0.359375 -0.750000
4.000000 0.652344 -0.757812 -0.347656 -0.738281
4.000000 0.664062 -0.746094 -0.335938 -0.726562
4.000000 0.675781 -0.738281 -0.324219 -0.718750
4.000000 0.683594 -0.730469 -0.316406 -0.710938
4.000000 0.691406 -0.722656 -0.308594 -0.703125
4.000000 0.703125 -0.710938 -0.296875 -0.691406
4.000000 0.710938 -0.703125 -0.289062 -0.683594
4.000000 0.718750 -0.695312 -0.281250 -0.675781
4.000000 0.722656 -0.691406 -0.277344 -0.671875
4.000000 0.730469 -0.683594 -0.269531 -0.664062
4.000000 0.734375 -0.679688 -0.265625 -0.660156
4.000000 0.738281 -0.671875 -0.261719 -0.652344
4.000000 0.746094 -0.667969 -0.253906 -0.648438
4.000000 0.750000 -0.660156 -0.250000 -0.640625
4.000000 0.753906 -0.656250 -0.246094 -0.636719
4.000000 0.761719 -0.648438 -0.238281 -0.628906
4.000000 0.765625 -0.644531 -0.234375 -0.625000
4.000000 0.765625 -0.640625 -0.234375 -0.621094
4.000000 0.765625 -0.640625 -0.234375 -0.621094
4.000000 0.765625 -0.640625 -0.234375 -0.621094
4.000000 0.765625 -0.640625 -0.234375 -0.621094
4.000000 0.765625 -0.640625 -0.234375 -0.621094
4.000000 0.765625 -0.640625 -0.234375 -0.621094
4.000000 0.765625 -0.640625 -0.234375 -0.621094
4.000000 0.765625 -0.640625 -0.234375 -0.621094
4.000000 0.765625 -0.640625 -0.234375 -0.621094
4.000000 0.765625 -0.640625 -0.234375 -0.621094
4.000000 0.765625 -0.640625 -0.234375 -0.621094
4.000000 0.765625 -0.644531 -0.234375 -0.625000
4.000000 0.761719 -0.648438 -0.238281 -0.628906
4.000000 0.757812 -0.652344 -0.242188 -0.632812
4.000000 0.753906 -0.660156 -0.246094 -0.640625
4.000000 0.746094 -0.664062 -0.253906 -0.644531
4.000000 0.742188 -0.671875 -0.257812 -0.652344
4.000000 0.738281 -0.675781 -0.261719 -0.656250
4.000000 0.730469 -0.683594 -0.269531 -0.664062
4.000000 0.726562 -0.687500 -0.273438 -0.667969
4.000000 0.718750 -0.691406 -0.281250 -0.671875
4.000000 0.710938 -0.703125 -0.289062 -0.683594
4.000000 0.703125 -0.710938 -0.296875 -0.691406
4.000000 0.695312 -0.718750 -0.304688 -0.699219
4.000000 0.687500 -0.726562 -0.312500 -0.707031
4.000000 0.679688 -0.734375 -0.320312 -0.714844
4.000000 0.671875 -0.742188 -0.328125 -0.722656
4.000000 0.660156 -0.753906 -0.339844 -0.734375
4.000000 0.648438 -0.761719 -0.351562 -0.742188
4.000000 0.632812 -0.773438 -0.367188 -0.753906
4.000000 0.621094 -0.781250 -0.378906 -0.761719
4.000000 0.609375 -0.792969 -0.390625 -0.773438
4.000000 0.597656 -0.800781 -0.402344 -0.781250
4.000000 0.582031 -0.812500 -0.417969 -0.792969
4.000000 0.566406 -0.824219 -0.433594 -0.804688
4.000000 0.550781 -0.835938 -0.449219 -0.816406
4.000000 0.535156 -0.847656 -0.464844 -0.828125
4.000000 0.515625 -0.855469 -0.484375 -0.835938
4.000000 0.500000 -0.867188 -0.500000 -0.847656
4.000000 0.482422 -0.875000 -0.515625 -0.855469
4.000000 0.464844 -0.886719 -0.535156 -0.867188
4.000000 0.445312 -0.894531 -0.554688 -0.875000
4.000000 0.425781 -0.906250 -0.574219 -0.886719
4.000000 0.406250 -0.914062 -0.593750 -0.894531
4.000000 0.384766 -0.921875 -0.617188 -0.902344
4.000000 0.363281 -0.933594 -0.636719 -0.914062
4.000000 0.339844 -0.941406 -0.660156 -0.921875
4.000000 0.318359 -0.949219 -0.679688 -0.929688
4.000000 0.296875 -0.957031 -0.703125 -0.937500
4.000000 0.273438 -0.960938 -0.726562 -0.941406
4.000000 0.251953 -0.968750 -0.750000 -0.949219
4.000000 0.226562 -0.972656 -0.773438 -0.953125
4.000000 0.202148 -0.980469 -0.796875 -0.960938
4.000000 0.176758 -0.984375 -0.824219 -0.964844
4.000000 0.149414 -0.988281 -0.851562 -0.968750
4.000000 0.123047 -0.992188 -0.875000 -0.972656
4.000000 0.096191 -0.996094 -0.902344 -1.007812
4.000000 0.068848 -0.996094 -0.929688 -1.039062
4.000000 0.041016 -1.000000 -0.953125 -1.070312
4.000000 0.012573 -1.000000 -0.984375 -1.101562
4.000000 -0.016357 -1.000000 -1.007812 -1.132812
4.000000 -0.045410 -1.000000 -1.031250 -1.164062
4.000000 -0.075195 -0.996094 -1.054688 -1.195312
4.000000 -0.105957 -0.996094 -1.070312 -1.250000
4.000000 -0.136719 -0.992188 -1.085938 -1.312500
4.000000 -0.167969 -0.984375 -1.093750 -1.359375
4.000000 -0.202148 -0.980469 -1.101562 -1.414062
4.000000 -0.236328 -0.972656 -1.109375 -1.460938
4.000000 -0.271484 -0.960938 -1.109375 -1.500000
4.000000 -0.310547 -0.949219 -1.117188 -1.546875
4.000000 -0.349609 -0.937500 -1.117188 -1.578125
4.000000 -0.390625 -0.921875 -1.117188 -1.609375
4.000000 -0.431641 -0.902344 -1.109375 -1.640625
4.000000 -0.476562 -0.878906 -1.109375 -1.656250
4.000000 -0.523438 -0.851562 -1.109375 -1.664062
4.000000 -0.570312 -0.820312 -1.101562 -1.671875
4.000000 -0.613281 -0.789062 -1.093750 -1.671875
4.000000 -0.648438 -0.761719 -1.070312 -1.671875
4.000000 -0.683594 -0.730469 -1.046875 -1.656250
4.000000 -0.714844 -0.699219 -1.015625 -1.656250
4.000000 -0.738281 -0.671875 -0.984375 -1.640625
4.000000 -0.761719 -0.648438 -0.945312 -1.632812
4.000000 -0.781250 -0.625000 -0.902344 -1.617188
4.000000 -0.796875 -0.605469 -0.859375 -1.609375
4.000000 -0.812500 -0.585938 -0.812500 -1.585938
4.000000 -0.820312 -0.570312 -0.757812 -1.562500
4.000000 -0.832031 -0.554688 -0.703125 -1.546875
4.000000 -0.839844 -0.542969 -0.652344 -1.523438
4.000000 -0.843750 -0.535156 -0.593750 -1.500000
4.000000 -0.855469 -0.519531 -0.546875 -1.468750
4.000000 -0.859375 -0.515625 -0.492188 -1.445312
4.000000 -0.859375 -0.515625 -0.433594 -1.421875
4.000000 -0.859375 -0.515625 -0.378906 -1.390625
4.000000 -0.859375 -0.515625 -0.324219 -1.359375
4.000000 -0.859375 -0.515625 -0.273438 -1.328125
4.000000 -0.859375 -0.515625 -0.222656 -1.289062
4.000000 -0.859375 -0.515625 -0.175781 -1.250000
4.000000 -0.859375 -0.515625 -0.132812 -1.203125
4.000000 -0.859375 -0.515625 -0.089844 -1.156250
4.000000 -0.855469 -0.519531 -0.046875 -1.109375
4.000000 -0.851562 -0.527344 -0.007812 -1.062500
4.000000 -0.839844 -0.539062 0.035156 -1.023438
4.000000 -0.835938 -0.550781 0.066406 -0.980469
4.000000 -0.828125 -0.558594 0.101562 -0.929688
4.000000 -0.820312 -0.570312 0.128906 -0.882812
4.000000 -0.816406 -0.578125 0.152344 -0.832031
4.000000 -0.804688 -0.593750 0.175781 -0.785156
4.000000 -0.796875 -0.605469 0.195312 -0.734375
4.000000 -0.789062 -0.617188 0.207031 -0.687500
4.000000 -0.777344 -0.628906 0.222656 -0.636719
4.000000 -0.765625 -0.644531 0.234375 -0.589844
4.000000 -0.753906 -0.660156 0.238281 -0.542969
4.000000 -0.738281 -0.671875 0.246094 -0.492188
4.000000 -0.726562 -0.687500 0.242188 -0.445312
4.000000 -0.710938 -0.703125 0.242188 -0.402344
4.000000 -0.699219 -0.714844 0.234375 -0.355469
4.000000 -0.683594 -0.730469 0.226562 -0.312500
4.000000 -0.671875 -0.742188 0.207031 -0.267578
4.000000 -0.656250 -0.753906 0.191406 -0.226562
4.000000 -0.640625 -0.769531 0.175781 -0.191406
4.000000 -0.625000 -0.781250 0.152344 -0.152344
4.000000 -0.609375 -0.792969 0.136719 -0.128906
4.000000 -0.593750 -0.804688 0.132812 -0.117188
4.000000 -0.574219 -0.816406 0.128906 -0.105469
4.000000 -0.554688 -0.832031 0.125000 -0.101562
4.000000 -0.535156 -0.847656 0.121094 -0.093750
4.000000 -0.511719 -0.859375 0.121094 -0.085938
4.000000 -0.486328 -0.875000 0.123047 -0.082031
4.000000 -0.464844 -0.886719 0.121094 -0.074219
4.000000 -0.443359 -0.898438 0.115234 -0.070312
4.000000 -0.419922 -0.906250 0.111328 -0.058594
4.000000 -0.394531 -0.917969 0.097656 -0.046875
4.000000 -0.369141 -0.929688 0.095703 -0.042969
4.000000 -0.343750 -0.937500 0.078125 -0.031250
4.000000 -0.318359 -0.949219 0.060547 -0.023438
4.000000 -0.292969 -0.957031 0.042969 -0.015625
4.000000 -0.265625 -0.964844 0.025391 -0.007812
4.000000 -0.240234 -0.972656 0.005859 -0.003906
4.000000 -0.212891 -0.976562 -0.011719 0.003906
4.000000 -0.186523 -0.984375 -0.032227 0.003906
4.000000 -0.159180 -0.988281 -0.050781 0.003906
4.000000 -0.132812 -0.992188 -0.071289 0.007812
4.000000 -0.104492 -0.996094 -0.089844 0.003906
4.000000 -0.076172 -0.996094 -0.108398 0.003906
4.000000 -0.046875 -1.000000 -0.125977 -0.003906
4.000000 -0.017700 -1.000000 -0.143555 -0.007812
4.000000 0.012024 -1.000000 -0.160156 -0.015625
4.000000 0.042480 -1.000000 -0.160156 -0.019531
4.000000 0.073242 -0.996094 -0.160156 -0.023438
4.000000 0.104492 -0.996094 -0.159180 -0.031250
4.000000 0.136719 -0.992188 -0.156250 -0.035156
4.000000 0.167969 -0.984375 -0.154297 -0.039062
4.000000 0.200195 -0.980469 -0.153320 -0.042969
4.000000 0.231445 -0.972656 -0.149414 -0.046875
4.000000 0.261719 -0.964844 -0.148438 -0.054688
4.000000 0.294922 -0.957031 -0.144531 -0.058594
4.000000 0.326172 -0.945312 -0.140625 -0.062500
4.000000 0.357422 -0.933594 -0.136719 -0.062500
4.000000 0.388672 -0.921875 -0.130859 -0.066406
4.000000 0.417969 -0.910156 -0.128906 -0.074219
4.000000 0.449219 -0.894531 -0.125000 -0.074219
4.000000 0.478516 -0.878906 -0.119141 -0.078125
4.000000 0.507812 -0.863281 -0.117188 -0.082031
4.000000 0.535156 -0.843750 -0.113281 -0.082031
4.000000 0.566406 -0.824219 -0.105469 -0.082031
4.000000 0.593750 -0.804688 -0.101562 -0.085938
4.000000 0.621094 -0.785156 -0.093750 -0.085938
4.000000 0.644531 -0.765625 -0.093750 -0.089844
4.000000 0.667969 -0.746094 -0.089844 -0.093750
4.000000 0.687500 -0.726562 -0.089844 -0.097656
4.000000 0.707031 -0.707031 -0.089844 -0.101562
4.000000 0.726562 -0.687500 -0.089844 -0.109375
4.000000 0.746094 -0.667969 -0.085938 -0.117188
4.000000 0.761719 -0.648438 -0.089844 -0.121094
4.000000 0.781250 -0.625000 -0.085938 -0.125000
4.000000 0.796875 -0.605469 -0.085938 -0.132812
4.000000 0.812500 -0.582031 -0.082031 -0.136719
4.000000 0.828125 -0.558594 -0.082031 -0.142578
4.000000 0.839844 -0.539062 -0.082031 -0.152344
4.000000 0.855469 -0.519531 -0.078125 -0.160156
4.000000 0.867188 -0.500000 -0.078125 -0.169922
4.000000 0.878906 -0.480469 -0.074219 -0.181641
4.000000 0.886719 -0.458984 -0.078125 -0.189453
4.000000 0.898438 -0.437500 -0.074219 -0.198242
4.000000 0.910156 -0.417969 -0.066406 -0.208984
4.000000 0.914062 -0.402344 -0.070312 -0.223633
4.000000 0.921875 -0.388672 -0.066406 -0.241211
4.000000 0.925781 -0.373047 -0.066406 -0.257812
4.000000 0.933594 -0.359375 -0.062500 -0.273438
4.000000 0.937500 -0.345703 -0.062500 -0.291016
4.000000 0.945312 -0.330078 -0.054688 -0.306641
4.000000 0.949219 -0.314453 -0.050781 -0.322266
4.000000 0.953125 -0.300781 -0.046875 -0.339844
4.000000 0.957031 -0.285156 -0.039062 -0.355469
4.000000 0.960938 -0.271484 -0.035156 -0.373047
4.000000 0.968750 -0.255859 -0.023438 -0.388672
4.000000 0.968750 -0.240234 -0.019531 -0.404297
4.000000 0.972656 -0.225586 -0.007812 -0.419922
4.000000 0.976562 -0.209961 0.003906 -0.435547
4.000000 0.980469 -0.202148 0.011719 -0.457031
4.000000 0.980469 -0.194336 0.023438 -0.480469
4.000000 0.980469 -0.194336 0.031250 -0.507812
4.000000 0.980469 -0.194336 0.042969 -0.539062
4.000000 0.980469 -0.194336 0.054688 -0.566406
4.000000 0.980469 -0.194336 0.066406 -0.597656
4.000000 0.980469 -0.194336 0.078125 -0.625000
4.000000 0.980469 -0.194336 0.093750 -0.652344
4.000000 0.980469 -0.194336 0.105469 -0.679688
4.000000 0.980469 -0.194336 0.121094 -0.710938
4.000000 0.980469 -0.194336 0.140625 -0.738281
4.000000 0.980469 -0.194336 0.160156 -0.765625
4.000000 0.980469 -0.194336 0.175781 -0.789062
4.000000 0.980469 -0.194336 0.195312 -0.816406
4.000000 0.980469 -0.194336 0.218750 -0.843750
4.000000 0.980469 -0.202148 0.242188 -0.875000
4.000000 0.976562 -0.209961 0.261719 -0.910156
4.000000 0.976562 -0.217773 0.285156 -0.941406
4.000000 0.972656 -0.232422 0.308594 -0.976562
4.000000 0.968750 -0.248047 0.332031 -1.015625
4.000000 0.964844 -0.263672 0.355469 -1.054688
4.000000 0.960938 -0.277344 0.378906 -1.093750
4.000000 0.957031 -0.292969 0.402344 -1.125000
4.000000 0.953125 -0.308594 0.429688 -1.156250
4.000000 0.945312 -0.322266 0.453125 -1.195312
4.000000 0.941406 -0.337891 0.480469 -1.226562
4.000000 0.937500 -0.351562 0.507812 -1.250000
4.000000 0.929688 -0.367188 0.539062 -1.281250
4.000000 0.921875 -0.388672 0.562500 -1.320312
4.000000 0.914062 -0.410156 0.593750 -1.359375
4.000000 0.902344 -0.431641 0.625000 -1.390625
4.000000 0.890625 -0.453125 0.648438 -1.421875
4.000000 0.878906 -0.480469 0.679688 -1.460938
4.000000 0.863281 -0.507812 0.707031 -1.500000
4.000000 0.843750 -0.535156 0.734375 -1.531250
4.000000 0.828125 -0.562500 0.765625 -1.562500
4.000000 0.804688 -0.593750 0.789062 -1.593750
4.000000 0.781250 -0.621094 0.816406 -1.625000
4.000000 0.753906 -0.656250 0.843750 -1.656250
4.000000 0.722656 -0.691406 0.867188 -1.679688
4.000000 0.687500 -0.726562 0.894531 -1.703125
4.000000 0.648438 -0.761719 0.921875 -1.718750
4.000000 0.601562 -0.800781 0.941406 -1.742188
4.000000 0.546875 -0.835938 0.960938 -1.750000
4.000000 0.486328 -0.875000 0.972656 -1.750000
4.000000 0.421875 -0.906250 0.984375 -1.734375
4.000000 0.355469 -0.933594 0.984375 -1.710938
4.000000 0.292969 -0.957031 0.980469 -1.687500
4.000000 0.232422 -0.972656 0.968750 -1.648438
4.000000 0.176758 -0.984375 0.953125 -1.609375
4.000000 0.123535 -0.992188 0.937500 -1.578125
4.000000 0.073242 -0.996094 0.914062 -1.531250
4.000000 0.024902 -1.000000 0.890625 -1.500000
4.000000 -0.021606 -1.000000 0.859375 -1.468750
4.000000 -0.066895 -0.996094 0.835938 -1.429688
4.000000 -0.111328 -0.992188 0.804688 -1.390625
4.000000 -0.153320 -0.988281 0.777344 -1.359375
4.000000 -0.196289 -0.980469 0.746094 -1.320312
4.000000 -0.238281 -0.972656 0.710938 -1.289062
4.000000 -0.277344 -0.960938 0.679688 -1.250000
4.000000 -0.316406 -0.949219 0.644531 -1.218750
4.000000 -0.355469 -0.933594 0.613281 -1.187500
4.000000 -0.392578 -0.917969 0.578125 -1.156250
4.000000 -0.431641 -0.902344 0.539062 -1.125000
4.000000 -0.464844 -0.886719 0.511719 -1.093750
4.000000 -0.500000 -0.867188 0.480469 -1.062500
4.000000 -0.535156 -0.847656 0.449219 -1.023438
4.000000 -0.562500 -0.828125 0.425781 -0.992188
4.000000 -0.589844 -0.804688 0.398438 -0.953125
4.000000 -0.621094 -0.785156 0.367188 -0.925781
4.000000 -0.648438 -0.761719 0.343750 -0.894531
4.000000 -0.671875 -0.738281 0.320312 -0.871094
4.000000 -0.699219 -0.714844 0.292969 -0.847656
4.000000 -0.722656 -0.691406 0.269531 -0.824219
4.000000 -0.746094 -0.664062 0.246094 -0.796875
4.000000 -0.769531 -0.636719 0.222656 -0.769531
4.000000 -0.792969 -0.609375 0.199219 -0.742188
4.000000 -0.812500 -0.585938 0.179688 -0.718750
4.000000 -0.828125 -0.558594 0.164062 -0.691406
4.000000 -0.843750 -0.535156 0.148438 -0.667969
4.000000 -0.863281 -0.507812 0.128906 -0.640625
4.000000 -0.878906 -0.480469 0.113281 -0.613281
4.000000 -0.890625 -0.453125 0.101562 -0.585938
4.000000 -0.906250 -0.423828 0.085938 -0.554688
4.000000 -0.917969 -0.396484 0.074219 -0.531250
4.000000 -0.925781 -0.373047 0.066406 -0.507812
4.000000 -0.937500 -0.351562 0.054688 -0.484375
4.000000 -0.945312 -0.330078 0.046875 -0.462891
4.000000 -0.953125 -0.308594 0.039062 -0.441406
4.000000 -0.957031 -0.285156 0.035156 -0.417969
4.000000 -0.964844 -0.263672 0.027344 -0.396484
4.000000 -0.968750 -0.240234 0.023438 -0.373047
4.000000 -0.976562 -0.217773 0.015625 -0.351562
4.000000 -0.980469 -0.194336 0.011719 -0.328125
4.000000 -0.984375 -0.178711 0.007812 -0.312500
4.000000 -0.988281 -0.164062 0.003906 -0.296875
4.000000 -0.988281 -0.148438 0.003906 -0.281250
4.000000 -0.992188 -0.132812 0.000000 -0.265625
4.000000 -0.992188 -0.117188 0.000000 -0.250000
4.000000 -0.996094 -0.102051 -0.003906 -0.234375
4.000000 -0.996094 -0.086426 -0.003906 -0.218750
4.000000 -0.996094 -0.070801 -0.003906 -0.203125
4.000000 -1.000000 -0.055176 -0.007812 -0.187500
4.000000 -1.000000 -0.039551 -0.007812 -0.171875
4.000000 -1.000000 -0.023926 -0.007812 -0.156250
4.000000 -1.000000 -0.008301 -0.007812 -0.140625
4.000000 -1.000000 0.007324 -0.007812 -0.125000
4.000000 -1.000000 0.015137 -0.007812 -0.117676
4.000000 -1.000000 0.022949 -0.007812 -0.109863
4.000000 -1.000000 0.022949 -0.011719 -0.117676
4.000000 -1.000000 0.022949 -0.011719 -0.125000
4.000000 -1.000000 0.022949 -0.011719 -0.132812
4.000000 -1.000000 0.022949 -0.011719 -0.140625
4.000000 -1.000000 0.022949 -0.015625 -0.148438
4.000000 -1.000000 0.022949 -0.015625 -0.156250
4.000000 -1.000000 0.022949 -0.019531 -0.164062
4.000000 -1.000000 0.022949 -0.019531 -0.171875
4.000000 -1.000000 0.022949 -0.019531 -0.179688
4.000000 -1.000000 0.022949 -0.023438 -0.187500
4.000000 -1.000000 0.022949 -0.023438 -0.195312
4.000000 -1.000000 0.022949 -0.027344 -0.203125
4.000000 -1.000000 0.022949 -0.027344 -0.208984
4.000000 -1.000000 0.022949 -0.031250 -0.216797
4.000000 -1.000000 0.015137 -0.031250 -0.232422
4.000000 -1.000000 0.007324 -0.031250 -0.248047
4.000000 -1.000000 -0.000484 -0.035156 -0.263672
4.000000 -1.000000 -0.016113 -0.039062 -0.287109
4.000000 -1.000000 -0.031738 -0.039062 -0.308594
4.000000 -1.000000 -0.047363 -0.042969 -0.332031
4.000000 -0.996094 -0.062988 -0.039062 -0.355469
4.000000 -0.996094 -0.078613 -0.042969 -0.378906
4.000000 -0.996094 -0.094238 -0.042969 -0.402344
4.000000 -0.992188 -0.109863 -0.046875 -0.431641
4.000000 -0.992188 -0.125000 -0.050781 -0.462891
4.000000 -0.988281 -0.140625 -0.050781 -0.492188
4.000000 -0.988281 -0.156250 -0.058594 -0.523438
4.000000 -0.984375 -0.171875 -0.058594 -0.554688
4.000000 -0.980469 -0.186523 -0.062500 -0.582031
4.000000 -0.976562 -0.209961 -0.062500 -0.621094
4.000000 -0.972656 -0.232422 -0.066406 -0.656250
4.000000 -0.968750 -0.255859 -0.070312 -0.695312
4.000000 -0.960938 -0.277344 -0.070312 -0.730469
4.000000 -0.953125 -0.300781 -0.070312 -0.765625
4.000000 -0.945312 -0.322266 -0.066406 -0.804688
4.000000 -0.937500 -0.345703 -0.066406 -0.839844
4.000000 -0.929688 -0.367188 -0.066406 -0.875000
4.000000 -0.921875 -0.388672 -0.066406 -0.906250
4.000000 -0.910156 -0.417969 -0.066406 -0.953125
4.000000 -0.894531 -0.445312 -0.058594 -0.992188
4.000000 -0.882812 -0.472656 -0.054688 -1.031250
4.000000 -0.867188 -0.500000 -0.046875 -1.078125
4.000000 -0.851562 -0.527344 -0.042969 -1.117188
4.000000 -0.832031 -0.554688 -0.035156 -1.156250
4.000000 -0.812500 -0.585938 -0.027344 -1.203125
4.000000 -0.789062 -0.613281 -0.015625 -1.250000
4.000000 -0.765625 -0.640625 -0.003906 -1.289062
4.000000 -0.746094 -0.667969 0.000000 -1.328125
4.000000 -0.718750 -0.691406 0.015625 -1.375000
4.000000 -0.691406 -0.722656 0.023438 -1.421875
4.000000 -0.664062 -0.746094 0.031250 -1.468750
4.000000 -0.632812 -0.773438 0.042969 -1.515625
4.000000 -0.601562 -0.800781 0.054688 -1.554688
4.000000 -0.566406 -0.824219 0.062500 -1.601562
4.000000 -0.531250 -0.847656 0.070312 -1.648438
4.000000 -0.490234 -0.871094 0.080078 -1.687500
4.000000 -0.449219 -0.894531 0.085938 -1.742188
4.000000 -0.404297 -0.914062 0.087891 -1.781250
4.000000 -0.357422 -0.933594 0.091797 -1.828125
4.000000 -0.304688 -0.953125 0.093750 -1.875000
4.000000 -0.249023 -0.968750 0.092773 -1.906250
4.000000 -0.188477 -0.980469 0.088867 -1.937500
4.000000 -0.122559 -0.992188 0.082520 -1.968750
4.000000 -0.051758 -1.000000 0.072754 -1.992188
4.000000 0.024414 -1.000000 0.060547 -2.000000
4.000000 0.103516 -0.996094 0.047607 -2.000000
4.000000 0.179688 -0.984375 0.035156 -1.968750
4.000000 0.249023 -0.968750 0.023438 -1.937500
4.000000 0.312500 -0.949219 0.015625 -1.906250
4.000000 0.369141 -0.929688 0.011719 -1.859375
4.000000 0.419922 -0.906250 0.007812 -1.812500
4.000000 0.466797 -0.882812 0.007812 -1.765625
4.000000 0.511719 -0.859375 0.007812 -1.718750
4.000000 0.550781 -0.835938 0.011719 -1.671875
4.000000 0.585938 -0.812500 0.011719 -1.625000
4.000000 0.621094 -0.785156 0.015625 -1.578125
4.000000 0.652344 -0.757812 0.019531 -1.531250
4.000000 0.679688 -0.730469 0.019531 -1.484375
4.000000 0.710938 -0.703125 0.031250 -1.437500
4.000000 0.738281 -0.675781 0.039062 -1.390625
4.000000 0.761719 -0.648438 0.042969 -1.343750
4.000000 0.781250 -0.621094 0.042969 -1.296875
4.000000 0.804688 -0.593750 0.050781 -1.250000
4.000000 0.824219 -0.566406 0.058594 -1.203125
4.000000 0.839844 -0.539062 0.058594 -1.164062
4.000000 0.859375 -0.515625 0.066406 -1.125000
4.000000 0.875000 -0.486328 0.070312 -1.078125
4.000000 0.886719 -0.458984 0.070312 -1.039062
4.000000 0.902344 -0.431641 0.074219 -0.992188
4.000000 0.914062 -0.402344 0.078125 -0.949219
4.000000 0.925781 -0.373047 0.082031 -0.906250
4.000000 0.937500 -0.351562 0.082031 -0.871094
4.000000 0.945312 -0.330078 0.082031 -0.835938
4.000000 0.953125 -0.308594 0.082031 -0.804688
4.000000 0.957031 -0.285156 0.078125 -0.765625
4.000000 0.964844 -0.263672 0.082031 -0.730469
4.000000 0.968750 -0.240234 0.078125 -0.695312
4.000000 0.976562 -0.217773 0.078125 -0.656250
4.000000 0.980469 -0.194336 0.074219 -0.617188
4.000000 0.984375 -0.178711 0.070312 -0.589844
4.000000 0.988281 -0.164062 0.070312 -0.562500
4.000000 0.988281 -0.148438 0.062500 -0.531250
4.000000 0.992188 -0.132812 0.062500 -0.500000
4.000000 0.992188 -0.117188 0.054688 -0.468750
4.000000 0.996094 -0.102051 0.054688 -0.439453
4.000000 0.996094 -0.086426 0.050781 -0.408203
4.000000 0.996094 -0.070801 0.042969 -0.378906
4.000000 1.000000 -0.055176 0.042969 -0.347656
4.000000 1.000000 -0.039551 0.039062 -0.316406
4.000000 1.000000 -0.023926 0.035156 -0.287109
4.000000 1.000000 -0.008301 0.031250 -0.255859
4.000000 1.000000 0.007324 0.027344 -0.224609
4.000000 1.000000 0.015137 0.023438 -0.203125
