0.000000 1.000000 0.000004 0.826355 -0.984802
0.000000 1.000000 -0.000423 0.826355 -0.985229
0.010010 1.000000 -0.001735 0.826477 -0.986572
0.020020 0.999985 -0.003932 0.826691 -0.988800
0.030030 0.999969 -0.007045 0.827026 -0.991989
0.040040 0.999939 -0.011043 0.827484 -0.996063
0.050050 0.999878 -0.015955 0.828033 -1.001068
0.060060 0.999756 -0.021783 0.828644 -1.007019
0.070070 0.999588 -0.028526 0.829361 -1.013947
0.080080 0.999344 -0.036151 0.830154 -1.021729
0.090090 0.998993 -0.044720 0.830994 -1.030518
0.100100 0.998535 -0.054198 0.831909 -1.040222
0.110109 0.997910 -0.064617 0.832825 -1.050903
0.120119 0.997116 -0.075972 0.833786 -1.062531
0.130131 0.996094 -0.088259 0.834717 -1.075165
0.140141 0.994843 -0.101505 0.835648 -1.088745
0.150150 0.993286 -0.115673 0.836533 -1.103302
0.160160 0.991409 -0.130783 0.837372 -1.118835
0.170170 0.989151 -0.146862 0.838135 -1.135376
0.180180 0.986481 -0.163864 0.838806 -1.152893
0.190189 0.983337 -0.181808 0.839401 -1.171387
0.200199 0.979660 -0.200680 0.839874 -1.190857
0.210209 0.975403 -0.220459 0.840225 -1.211273
0.220219 0.970474 -0.241184 0.840439 -1.232697
0.230228 0.964859 -0.262772 0.840561 -1.255005
0.240238 0.958450 -0.285255 0.840561 -1.278290
0.250252 0.951187 -0.308594 0.840439 -1.302429
0.260262 0.943008 -0.332764 0.840256 -1.327454
0.270271 0.933838 -0.357704 0.840027 -1.353302
0.280281 0.923584 -0.383385 0.839752 -1.379852
0.290291 0.912170 -0.409805 0.839493 -1.407166
0.300301 0.899506 -0.436920 0.839264 -1.435120
0.310310 0.885483 -0.464676 0.839111 -1.463623
0.320320 0.869995 -0.493050 0.839066 -1.492584
0.330330 0.852951 -0.522003 0.839157 -1.521912
0.340340 0.834167 -0.551498 0.839386 -1.551483
0.350349 0.813538 -0.581512 0.839798 -1.581177
0.360359 0.790863 -0.612000 0.840393 -1.610779
0.370369 0.765930 -0.642914 0.841141 -1.640076
0.380379 0.738541 -0.674210 0.842056 -1.668823
0.390388 0.708389 -0.705826 0.843063 -1.696716
0.400398 0.675186 -0.737640 0.844101 -1.723267
0.410408 0.638596 -0.769547 0.845032 -1.747986
0.420418 0.598251 -0.801315 0.845657 -1.770233
0.430428 0.553787 -0.832657 0.845642 -1.789124
0.440437 0.504974 -0.863129 0.844574 -1.803711
0.450447 0.451904 -0.892059 0.841797 -1.812927
0.460457 0.395180 -0.918610 0.836517 -1.815948
0.470467 0.336205 -0.941788 0.827820 -1.812592
0.480476 0.276810 -0.960922 0.815170 -1.803650
0.490486 0.218502 -0.975830 0.798523 -1.790436
0.500504 0.162010 -0.986786 0.778168 -1.774414
0.510513 0.107519 -0.994202 0.754593 -1.756622
0.520523 0.054952 -0.998489 0.728210 -1.737885
0.530533 0.004129 -0.999985 0.699371 -1.718750
0.540543 -0.045130 -0.998978 0.668320 -1.699677
0.550552 -0.092999 -0.995667 0.635315 -1.680908
0.560562 -0.139626 -0.990204 0.600464 -1.662720
0.570572 -0.185112 -0.982712 0.563965 -1.645203
0.580582 -0.229546 -0.973297 0.525879 -1.628510
0.590591 -0.272957 -0.962021 0.486351 -1.612732
0.600601 -0.315369 -0.948975 0.445450 -1.597961
0.610611 -0.356758 -0.934204 0.403252 -1.584106
0.620621 -0.397072 -0.917786 0.359901 -1.571228
0.630630 -0.436256 -0.899826 0.315483 -1.559296
0.640640 -0.474213 -0.880402 0.270126 -1.548218
0.650650 -0.510849 -0.859665 0.223923 -1.537964
0.660660 -0.546051 -0.837753 0.177017 -1.528503
0.670670 -0.579742 -0.814804 0.129501 -1.519775
0.680679 -0.611832 -0.790985 0.081467 -1.511658
0.690689 -0.642242 -0.766510 0.033005 -1.504089
0.700699 -0.670929 -0.741516 -0.015823 -1.497070
0.710709 -0.697845 -0.716248 -0.064957 -1.490479
0.720718 -0.722992 -0.690857 -0.114395 -1.484344
0.730728 -0.746353 -0.665543 -0.164093 -1.478546
0.740738 -0.767960 -0.640488 -0.214035 -1.473053
0.750748 -0.787827 -0.615891 -0.264206 -1.467834
0.760757 -0.806015 -0.591904 -0.314583 -1.462830
0.770767 -0.822540 -0.568710 -0.365128 -1.457947
0.780777 -0.837494 -0.546448 -0.415840 -1.453186
0.790787 -0.850906 -0.525330 -0.466652 -1.448547
0.800797 -0.862869 -0.505417 -0.517517 -1.443909
0.810806 -0.873428 -0.486954 -0.568359 -1.439270
0.820816 -0.882660 -0.470024 -0.619110 -1.434662
0.830826 -0.890610 -0.454758 -0.669617 -1.430054
0.840836 -0.897339 -0.441338 -0.719818 -1.425446
0.850845 -0.902908 -0.429825 -0.769592 -1.420898
0.860855 -0.907379 -0.420326 -0.818832 -1.416412
0.870865 -0.910767 -0.412918 -0.867416 -1.411987
0.880875 -0.913132 -0.407654 -0.915283 -1.407654
0.890884 -0.914490 -0.404617 -0.962357 -1.403473
0.900894 -0.914841 -0.403809 -1.008545 -1.399414
0.910904 -0.914200 -0.405258 -1.053833 -1.395447
0.920914 -0.912537 -0.408997 -1.098114 -1.391602
0.930923 -0.909790 -0.415054 -1.141388 -1.387878
0.940933 -0.905930 -0.423424 -1.183594 -1.384094
0.950943 -0.900864 -0.434090 -1.224670 -1.380219
0.960953 -0.894501 -0.447075 -1.264587 -1.376068
0.970963 -0.886688 -0.462379 -1.303223 -1.371490
0.980972 -0.877243 -0.480034 -1.340393 -1.366302
0.990982 -0.866028 -0.499992 -1.376038 -1.360168
1.001007 -0.852768 -0.522278 -1.409790 -1.352783
1.011017 -0.837265 -0.546799 -1.441406 -1.343689
1.021027 -0.819260 -0.573425 -1.470337 -1.332428
1.031036 -0.798584 -0.601898 -1.496033 -1.318542
1.041046 -0.775192 -0.631729 -1.517700 -1.301575
1.051056 -0.749344 -0.662186 -1.534668 -1.281281
1.061066 -0.721649 -0.692261 -1.546326 -1.257874
1.071075 -0.692978 -0.720963 -1.552551 -1.231964
1.081085 -0.664093 -0.747650 -1.553711 -1.204346
1.091095 -0.635513 -0.772095 -1.550415 -1.175781
1.101105 -0.607468 -0.794342 -1.543274 -1.146881
1.111115 -0.580032 -0.814606 -1.532898 -1.118042
1.121124 -0.553177 -0.833054 -1.519745 -1.089478
1.131134 -0.526886 -0.849930 -1.504242 -1.061523
1.141144 -0.501053 -0.865417 -1.486694 -1.034210
1.151154 -0.475601 -0.879669 -1.467346 -1.007721
1.161163 -0.450439 -0.892807 -1.446442 -0.982101
1.171173 -0.425491 -0.904968 -1.424133 -0.957428
1.181183 -0.400665 -0.916229 -1.400513 -0.933777
1.191193 -0.375885 -0.926666 -1.375763 -0.911194
1.201202 -0.351067 -0.936356 -1.349976 -0.889709
1.211212 -0.326134 -0.945328 -1.323242 -0.869385
1.221222 -0.301033 -0.953613 -1.295685 -0.850189
1.231232 -0.275711 -0.961243 -1.267334 -0.832123
1.241241 -0.250099 -0.968216 -1.238312 -0.815155
1.251251 -0.224201 -0.974548 -1.208740 -0.799271
1.261261 -0.198002 -0.980209 -1.178650 -0.784393
1.271271 -0.171520 -0.985184 -1.148193 -0.770401
1.281281 -0.144775 -0.989471 -1.117432 -0.757202
1.291290 -0.117813 -0.993042 -1.086487 -0.744659
1.301300 -0.090675 -0.995880 -1.055420 -0.732697
1.311310 -0.063406 -0.997986 -1.024323 -0.721191
1.321320 -0.036048 -0.999344 -0.993286 -0.710052
1.331329 -0.008642 -0.999969 -0.962341 -0.699249
1.341339 0.018781 -0.999817 -0.931580 -0.688660
1.351349 0.046189 -0.998932 -0.901016 -0.678314
1.361359 0.073557 -0.997284 -0.870697 -0.668091
1.371368 0.100863 -0.994904 -0.840683 -0.658020
1.381378 0.128086 -0.991760 -0.811005 -0.648071
1.391388 0.155205 -0.987885 -0.781677 -0.638245
1.401398 0.182201 -0.983261 -0.752747 -0.628479
1.411407 0.209049 -0.977905 -0.724243 -0.618805
1.421417 0.235733 -0.971817 -0.696198 -0.609177
1.431427 0.262230 -0.965012 -0.668610 -0.599609
1.441437 0.288528 -0.957474 -0.641556 -0.590118
1.451447 0.314583 -0.949234 -0.615021 -0.580658
1.461456 0.340385 -0.940292 -0.589020 -0.571259
1.471466 0.365913 -0.930649 -0.563629 -0.561905
1.481476 0.391129 -0.920334 -0.538803 -0.552612
1.491486 0.416000 -0.909363 -0.514618 -0.543365
1.501495 0.440521 -0.897751 -0.491058 -0.534210
1.511505 0.464645 -0.885498 -0.468140 -0.525085
1.521515 0.488342 -0.872650 -0.445908 -0.516052
1.531525 0.511581 -0.859238 -0.424377 -0.507111
1.541534 0.534363 -0.845261 -0.403503 -0.498260
1.551544 0.556610 -0.830780 -0.383377 -0.489563
1.561554 0.578323 -0.815811 -0.363968 -0.481003
1.571564 0.599472 -0.800400 -0.345276 -0.472588
1.581573 0.620041 -0.784576 -0.327286 -0.464325
1.591583 0.639999 -0.768387 -0.310043 -0.456276
1.601593 0.659302 -0.751877 -0.293549 -0.448441
1.611603 0.677963 -0.735107 -0.277786 -0.440910
1.621613 0.695923 -0.718109 -0.262756 -0.433640
1.631622 0.713211 -0.700943 -0.248444 -0.426697
1.641632 0.729797 -0.683670 -0.234863 -0.420151
1.651642 0.745667 -0.666321 -0.221970 -0.413979
1.661652 0.760818 -0.648956 -0.209778 -0.408234
1.671661 0.775253 -0.631653 -0.198257 -0.403008
1.681671 0.788956 -0.614441 -0.187408 -0.398293
1.691681 0.801956 -0.597382 -0.177170 -0.394119
1.701691 0.814255 -0.580521 -0.167542 -0.390549
1.711700 0.825836 -0.563919 -0.158493 -0.387596
1.721710 0.836716 -0.547623 -0.150024 -0.385315
1.731720 0.846954 -0.531677 -0.142044 -0.383751
1.741730 0.856506 -0.516129 -0.134583 -0.382919
1.751740 0.865417 -0.501053 -0.127579 -0.382919
1.761749 0.873703 -0.486450 -0.121002 -0.383690
1.771759 0.881393 -0.472389 -0.114807 -0.385307
1.781769 0.888474 -0.458916 -0.108994 -0.387833
1.791779 0.895020 -0.446037 -0.103485 -0.391251
1.801788 0.901001 -0.433815 -0.098267 -0.395615
1.811798 0.906479 -0.422264 -0.093292 -0.400932
1.821808 0.911453 -0.411415 -0.088531 -0.407166
1.831818 0.915939 -0.401321 -0.083969 -0.414436
1.841827 0.919968 -0.391991 -0.079559 -0.422745
1.851837 0.923569 -0.383438 -0.075241 -0.432060
1.861847 0.926743 -0.375702 -0.071030 -0.442421
1.871857 0.929520 -0.368767 -0.066849 -0.453835
1.881866 0.931915 -0.362656 -0.062698 -0.466286
1.891876 0.933960 -0.357391 -0.058517 -0.479790
1.901886 0.935623 -0.352997 -0.054337 -0.494362
1.911896 0.936951 -0.349457 -0.050079 -0.510010
1.921906 0.937943 -0.346794 -0.045746 -0.526718
1.931915 0.938583 -0.345047 -0.041321 -0.544495
1.941925 0.938904 -0.344162 -0.036774 -0.563339
1.951935 0.938904 -0.344162 -0.032104 -0.583221
1.961945 0.938583 -0.345047 -0.027267 -0.604141
1.971954 0.937927 -0.346825 -0.022278 -0.626099
1.981964 0.936935 -0.349487 -0.017120 -0.649139
1.991974 0.935623 -0.352997 -0.011749 -0.673126
2.002014 0.933960 -0.357391 -0.006195 -0.698151
2.012024 0.931931 -0.362633 -0.000427 -0.724152
2.022034 0.929535 -0.368736 0.005539 -0.751129
2.032043 0.926758 -0.375679 0.011734 -0.779099
2.042053 0.923569 -0.383438 0.018158 -0.807968
2.052063 0.919968 -0.391991 0.024811 -0.837738
2.062073 0.915924 -0.401352 0.031708 -0.868439
2.072083 0.911407 -0.411499 0.038864 -0.900024
2.082092 0.906403 -0.422424 0.046280 -0.932495
2.092102 0.900864 -0.434090 0.053925 -0.965790
2.102112 0.894775 -0.446503 0.061859 -0.999893
2.112122 0.888107 -0.459648 0.070068 -1.034821
2.122131 0.880798 -0.473495 0.078552 -1.070496
2.132141 0.872818 -0.488052 0.087311 -1.106934
2.142151 0.864136 -0.503265 0.096390 -1.144043
2.152161 0.854660 -0.519180 0.105743 -1.181854
2.162170 0.844376 -0.535751 0.115402 -1.220276
2.172180 0.833206 -0.552963 0.125381 -1.259338
2.182190 0.821060 -0.570831 0.135620 -1.298950
2.192200 0.807877 -0.589355 0.146164 -1.339111
2.202209 0.793549 -0.608521 0.156967 -1.379730
2.212219 0.777969 -0.628311 0.167984 -1.420715
2.222229 0.761017 -0.648727 0.179230 -1.462067
2.232239 0.742584 -0.669754 0.190689 -1.503662
2.242249 0.722504 -0.691360 0.202332 -1.545410
2.252258 0.700623 -0.713531 0.214195 -1.587250
2.262268 0.676773 -0.736191 0.226334 -1.628998
2.272278 0.650726 -0.759308 0.238777 -1.670532
2.282288 0.622284 -0.782791 0.251617 -1.711548
2.292297 0.591171 -0.806549 0.264954 -1.751831
2.302307 0.557037 -0.830490 0.278847 -1.791016
2.312317 0.519516 -0.854462 0.293411 -1.828552
2.322327 0.478127 -0.878296 0.308731 -1.863831
2.332336 0.432320 -0.901718 0.324829 -1.895935
2.342346 0.381516 -0.924362 0.341736 -1.923584
2.352356 0.325142 -0.945663 0.359306 -1.945068
2.362366 0.262924 -0.964813 0.377144 -1.958252
2.372375 0.195408 -0.980728 0.394402 -1.960724
2.382385 0.124834 -0.992172 0.409637 -1.950745
2.392395 0.055189 -0.998474 0.421204 -1.929077
2.402405 -0.010220 -0.999954 0.428322 -1.898682
2.412415 -0.070398 -0.997513 0.431328 -1.862549
2.422424 -0.125664 -0.992065 0.430840 -1.822906
2.432434 -0.176659 -0.984268 0.427544 -1.781097
2.442444 -0.224014 -0.974579 0.421875 -1.738037
2.452454 -0.268272 -0.963348 0.414223 -1.694214
2.462463 -0.309860 -0.950775 0.404907 -1.650146
2.472473 -0.349136 -0.937073 0.394150 -1.606049
2.482483 -0.386383 -0.922333 0.382126 -1.562164
2.492493 -0.421806 -0.906677 0.369072 -1.518677
2.502502 -0.455582 -0.890198 0.355148 -1.475647
2.512512 -0.487816 -0.872955 0.340553 -1.433136
2.522522 -0.518585 -0.855026 0.325516 -1.391235
2.532532 -0.547943 -0.836517 0.310226 -1.349854
2.542542 -0.575897 -0.817520 0.294922 -1.309143
2.552551 -0.602478 -0.798126 0.279739 -1.268951
2.562561 -0.627701 -0.778442 0.264862 -1.229370
2.572571 -0.651611 -0.758560 0.250366 -1.190338
2.582581 -0.674225 -0.738525 0.236328 -1.151917
2.592590 -0.695618 -0.718414 0.222763 -1.114105
2.602600 -0.715805 -0.698303 0.209732 -1.076965
2.612610 -0.734863 -0.678207 0.197220 -1.040436
2.622620 -0.752838 -0.658203 0.185242 -1.004639
2.632629 -0.769775 -0.638306 0.173767 -0.969543
2.642639 -0.785721 -0.618576 0.162827 -0.935211
2.652649 -0.800720 -0.599045 0.152390 -0.901657
2.662659 -0.814804 -0.579742 0.142487 -0.868881
2.672668 -0.828018 -0.560715 0.133072 -0.836945
2.682678 -0.840393 -0.541977 0.124161 -0.805847
2.692688 -0.851974 -0.523590 0.115753 -0.775604
2.702698 -0.862778 -0.505585 0.107834 -0.746262
2.712708 -0.872864 -0.487968 0.100357 -0.717819
2.722717 -0.882217 -0.470825 0.093399 -0.690338
2.732727 -0.890915 -0.454163 0.086868 -0.663803
2.742737 -0.898956 -0.438049 0.080795 -0.638275
2.752747 -0.906372 -0.422485 0.075165 -0.613770
2.762756 -0.913193 -0.407516 0.069962 -0.590256
2.772766 -0.919464 -0.393173 0.065170 -0.567810
2.782776 -0.925186 -0.379517 0.060776 -0.546448
2.792786 -0.930405 -0.366554 0.056763 -0.526199
2.802795 -0.935135 -0.354309 0.053131 -0.507019
2.812805 -0.939392 -0.342842 0.049866 -0.489014
2.822815 -0.943222 -0.332153 0.046936 -0.472130
2.832825 -0.946640 -0.322296 0.044327 -0.456436
2.842834 -0.949661 -0.313263 0.042023 -0.441925
2.852844 -0.952332 -0.305084 0.040009 -0.428604
2.862854 -0.954636 -0.297775 0.038300 -0.416481
2.872864 -0.956619 -0.291359 0.036835 -0.405579
2.882874 -0.958267 -0.285866 0.035660 -0.395958
2.892883 -0.959625 -0.281273 0.034714 -0.387543
2.902893 -0.960678 -0.277641 0.034027 -0.380417
2.912903 -0.961456 -0.274940 0.033569 -0.374535
2.922913 -0.961960 -0.273209 0.033356 -0.369919
2.932922 -0.962173 -0.272415 0.033386 -0.366539
2.942932 -0.962128 -0.272591 0.033646 -0.364471
2.952942 -0.961807 -0.273743 0.034134 -0.363678
2.962952 -0.961212 -0.275826 0.034882 -0.364143
2.972961 -0.960327 -0.278870 0.035873 -0.365883
2.982971 -0.959167 -0.282852 0.037125 -0.368896
2.992981 -0.957703 -0.287766 0.038651 -0.373138
3.002991 -0.955933 -0.293610 0.040451 -0.378647
3.013000 -0.953827 -0.300369 0.042557 -0.385406
3.023010 -0.951385 -0.308014 0.044968 -0.393387
3.033020 -0.948563 -0.316566 0.047729 -0.402603
3.043030 -0.945374 -0.325989 0.050827 -0.413063
3.053040 -0.941772 -0.336243 0.054306 -0.424713
3.063049 -0.937744 -0.347313 0.058182 -0.437546
3.073059 -0.933258 -0.359184 0.062469 -0.451546
3.083069 -0.928314 -0.371796 0.067169 -0.466682
3.093079 -0.922867 -0.385132 0.072342 -0.482933
3.103088 -0.916870 -0.399170 0.078003 -0.500305
3.113098 -0.910339 -0.413864 0.084137 -0.518768
3.123108 -0.903229 -0.429169 0.090805 -0.538300
3.133118 -0.895508 -0.445061 0.097992 -0.558853
3.143127 -0.887146 -0.461487 0.105759 -0.580429
3.153137 -0.878128 -0.478432 0.114075 -0.603012
3.163147 -0.868423 -0.495834 0.123001 -0.626556
3.173157 -0.858002 -0.513641 0.132523 -0.651016
3.183167 -0.846848 -0.531830 0.142639 -0.676422
3.193176 -0.834961 -0.550323 0.153366 -0.702713
3.203186 -0.822281 -0.569077 0.164719 -0.729813
3.213196 -0.808792 -0.588089 0.176697 -0.757782
3.223206 -0.794495 -0.607285 0.189301 -0.786575
3.233215 -0.779327 -0.626617 0.202560 -0.816101
3.243225 -0.763290 -0.646057 0.216446 -0.846375
3.253235 -0.746353 -0.665558 0.230957 -0.877380
3.263245 -0.728470 -0.685074 0.246124 -0.909073
3.273254 -0.709625 -0.704575 0.261917 -0.941437
3.283264 -0.689789 -0.724014 0.278336 -0.974457
3.293274 -0.668915 -0.743332 0.295410 -1.008087
3.303284 -0.646988 -0.762497 0.313080 -1.042236
3.313293 -0.623962 -0.781464 0.331375 -1.076965
3.323303 -0.599777 -0.800171 0.350296 -1.112183
3.333313 -0.574417 -0.818558 0.369812 -1.147858
3.343323 -0.547836 -0.836594 0.389877 -1.183990
3.353333 -0.519989 -0.854172 0.410492 -1.220520
3.363342 -0.490875 -0.871231 0.431534 -1.257446
3.373352 -0.460449 -0.887680 0.452942 -1.294769
3.383362 -0.428711 -0.903442 0.474548 -1.332520
3.393372 -0.395676 -0.918396 0.496201 -1.370667
3.403381 -0.361359 -0.932419 0.517639 -1.409241
3.413391 -0.325775 -0.945450 0.538605 -1.448303
3.423401 -0.288895 -0.957367 0.558838 -1.487793
3.433411 -0.250687 -0.968063 0.578033 -1.527740
3.443420 -0.211044 -0.977478 0.595978 -1.567993
3.453430 -0.169819 -0.985474 0.612442 -1.608459
3.463440 -0.126820 -0.991928 0.627136 -1.648865
3.473450 -0.081802 -0.996643 0.639847 -1.688904
3.483459 -0.034472 -0.999405 0.650284 -1.728180
3.493469 0.015498 -0.999878 0.658035 -1.766113
3.503479 0.068464 -0.997650 0.662659 -1.801971
3.513489 0.124765 -0.992188 0.663574 -1.834625
3.523499 0.184624 -0.982803 0.660095 -1.862549
3.533508 0.247906 -0.968781 0.651550 -1.883698
3.543518 0.313683 -0.949524 0.637451 -1.895660
3.553528 0.379578 -0.925156 0.618225 -1.896240
3.563538 0.441933 -0.897049 0.595551 -1.885193
3.573547 0.497986 -0.867188 0.571548 -1.864471
3.583557 0.547272 -0.836960 0.547516 -1.836975
3.593567 0.590485 -0.807037 0.523926 -1.804810
3.603577 0.628555 -0.777771 0.500931 -1.769592
3.613586 0.662247 -0.749283 0.478470 -1.732239
3.623596 0.692245 -0.721664 0.456497 -1.693481
3.633606 0.719025 -0.694977 0.434898 -1.653748
3.643616 0.743027 -0.669266 0.413612 -1.613464
3.653625 0.764557 -0.644562 0.392532 -1.572784
3.663635 0.783905 -0.620880 0.371620 -1.531921
3.673645 0.801285 -0.598282 0.350822 -1.491089
3.683655 0.816925 -0.576752 0.330139 -1.450256
3.693665 0.830978 -0.556305 0.309586 -1.409607
3.703674 0.843628 -0.536942 0.289230 -1.369202
3.713684 0.855026 -0.518585 0.269180 -1.329010
3.723694 0.865295 -0.501251 0.249481 -1.289124
3.733704 0.874603 -0.484848 0.230286 -1.249603
3.743713 0.882996 -0.469376 0.211609 -1.210480
3.753723 0.890610 -0.454758 0.193542 -1.171753
3.763733 0.897507 -0.441010 0.176117 -1.133545
3.773743 0.903732 -0.428093 0.159317 -1.095795
3.783752 0.909363 -0.416000 0.143173 -1.058594
3.793762 0.914444 -0.404732 0.127686 -1.021973
3.803772 0.918991 -0.394295 0.112808 -0.985962
3.813782 0.923050 -0.384682 0.098557 -0.950562
3.823792 0.926666 -0.375900 0.084930 -0.915787
3.833801 0.929825 -0.367996 0.071884 -0.881744
3.843811 0.932602 -0.360924 0.059448 -0.848358
3.853821 0.934982 -0.354713 0.047562 -0.815689
3.863831 0.936981 -0.349373 0.036255 -0.783768
3.873840 0.938644 -0.344902 0.025528 -0.752594
3.883850 0.939941 -0.341324 0.015289 -0.722137
3.893860 0.940918 -0.338623 0.005630 -0.692505
3.903870 0.941574 -0.336815 -0.003494 -0.663666
3.913879 0.941895 -0.335892 -0.012146 -0.635590
3.923889 0.941910 -0.335869 -0.020248 -0.608337
3.933899 0.941589 -0.336754 -0.027893 -0.581940
3.943909 0.940964 -0.338509 -0.035019 -0.556351
3.953918 0.940002 -0.341148 -0.041687 -0.531616
3.963928 0.938736 -0.344650 -0.047882 -0.507736
3.973938 0.937103 -0.349052 -0.053650 -0.484711
3.983948 0.935135 -0.354309 -0.058990 -0.462555
3.993958 0.932800 -0.360413 -0.063934 -0.441254
4.004028 0.930069 -0.367378 -0.068497 -0.420845
4.014038 0.926987 -0.375114 -0.072678 -0.401260
4.024048 0.923477 -0.383667 -0.076523 -0.382561
4.034058 0.919540 -0.393005 -0.080063 -0.364716
4.044067 0.915146 -0.403107 -0.083313 -0.347710
4.054077 0.910309 -0.413948 -0.086288 -0.331551
4.064087 0.904953 -0.425499 -0.089050 -0.316216
4.074097 0.899094 -0.437744 -0.091614 -0.301720
4.084106 0.892715 -0.450623 -0.093964 -0.287949
4.094116 0.885757 -0.464142 -0.096191 -0.275009
4.104126 0.878235 -0.478241 -0.098282 -0.262802
4.114136 0.870071 -0.492912 -0.100327 -0.251389
4.124146 0.861298 -0.508102 -0.102280 -0.240669
4.134155 0.851852 -0.523788 -0.104218 -0.230667
4.144165 0.841721 -0.539917 -0.106171 -0.221344
4.154175 0.830887 -0.556442 -0.108154 -0.212646
4.164185 0.819321 -0.573334 -0.110199 -0.204559
4.174194 0.807022 -0.590515 -0.112305 -0.197029
4.184204 0.793961 -0.607971 -0.114517 -0.190048
4.194214 0.780121 -0.625641 -0.116867 -0.183586
4.204224 0.765472 -0.643463 -0.119385 -0.177589
4.214233 0.750046 -0.661392 -0.122040 -0.172028
4.224243 0.733795 -0.679367 -0.124863 -0.166824
4.234253 0.716751 -0.697327 -0.127869 -0.161957
4.244263 0.698883 -0.715240 -0.131058 -0.157379
4.254272 0.680222 -0.733002 -0.134430 -0.153061
4.264282 0.660767 -0.750595 -0.138031 -0.148987
4.274292 0.640533 -0.767929 -0.141785 -0.145035
4.284302 0.619522 -0.784973 -0.145706 -0.141205
4.294312 0.597778 -0.801651 -0.149796 -0.137482
4.304321 0.575333 -0.817917 -0.153976 -0.133728
4.314331 0.552200 -0.833710 -0.158310 -0.130020
4.324341 0.528442 -0.848969 -0.162689 -0.126236
4.334351 0.504074 -0.863663 -0.167130 -0.122391
4.344360 0.479141 -0.877747 -0.171585 -0.118439
4.354370 0.453697 -0.891159 -0.176033 -0.114349
4.364380 0.427795 -0.903870 -0.180405 -0.110092
4.374390 0.401497 -0.915863 -0.184639 -0.105652
4.384399 0.374847 -0.927094 -0.188766 -0.101044
4.394409 0.347923 -0.937531 -0.192635 -0.096222
4.404419 0.320763 -0.947159 -0.196281 -0.091202
4.414429 0.293449 -0.955978 -0.199623 -0.085983
4.424438 0.266037 -0.963959 -0.202576 -0.080551
4.434448 0.238586 -0.971115 -0.205154 -0.074966
4.444458 0.211163 -0.977448 -0.207249 -0.069183
4.454468 0.183823 -0.982956 -0.208870 -0.063278
4.464478 0.156628 -0.987656 -0.209980 -0.057281
4.474487 0.129635 -0.991562 -0.210476 -0.051178
4.484497 0.102894 -0.994690 -0.210400 -0.045029
4.494507 0.076460 -0.997070 -0.209633 -0.038864
4.504517 0.050381 -0.998734 -0.208172 -0.032730
4.514526 0.024704 -0.999695 -0.206039 -0.026672
4.524536 -0.000531 -1.000000 -0.203148 -0.020737
4.534546 -0.025285 -0.999680 -0.199490 -0.014969
4.544556 -0.049522 -0.998779 -0.195114 -0.009430
4.554565 -0.073214 -0.997314 -0.189941 -0.004150
4.564575 -0.096329 -0.995346 -0.183975 0.000809
4.574585 -0.118847 -0.992920 -0.177277 0.005371
4.584595 -0.140751 -0.990051 -0.169792 0.009521
4.594604 -0.162022 -0.986786 -0.161526 0.013214
4.604614 -0.182648 -0.983185 -0.152493 0.016357
4.614624 -0.202618 -0.979263 -0.142769 0.018951
4.624634 -0.221935 -0.975067 -0.132324 0.020905
4.634644 -0.240585 -0.970627 -0.121172 0.022217
4.644653 -0.258575 -0.965988 -0.109406 0.022827
4.654663 -0.275925 -0.961182 -0.097015 0.022690
4.664673 -0.292610 -0.956238 -0.084122 0.021790
4.674683 -0.308670 -0.951172 -0.070671 0.020096
4.684692 -0.324104 -0.946014 -0.056755 0.017593
4.694702 -0.338913 -0.940811 -0.042343 0.014206
4.704712 -0.353142 -0.935577 -0.027634 0.009964
4.714722 -0.366783 -0.930313 -0.012627 0.004868
4.724731 -0.379860 -0.925049 0.002663 -0.001099
4.734741 -0.392387 -0.919800 0.018204 -0.007980
4.744751 -0.404404 -0.914581 0.033875 -0.015747
4.754761 -0.415924 -0.909393 0.049576 -0.024353
4.764771 -0.426949 -0.904282 0.065338 -0.033844
4.774780 -0.437515 -0.899216 0.081100 -0.044205
4.784790 -0.447639 -0.894211 0.096825 -0.055435
4.794800 -0.457344 -0.889297 0.112419 -0.067490
4.804810 -0.466644 -0.884445 0.127823 -0.080322
4.814819 -0.475540 -0.879700 0.143097 -0.094025
4.824829 -0.484055 -0.875046 0.158127 -0.108490
4.834839 -0.492203 -0.870483 0.172882 -0.123718
4.844849 -0.499992 -0.866028 0.187386 -0.139740
4.854858 -0.507446 -0.861694 0.201569 -0.156494
4.864868 -0.514542 -0.857468 0.215454 -0.174011
4.874878 -0.521301 -0.853378 0.229004 -0.192291
4.884888 -0.527695 -0.849426 0.242279 -0.211349
4.894897 -0.533783 -0.845627 0.255142 -0.231140
4.904907 -0.539520 -0.841965 0.267654 -0.251648
4.914917 -0.544937 -0.838486 0.279724 -0.272873
4.924927 -0.550003 -0.835159 0.291412 -0.294769
4.934937 -0.554718 -0.832031 0.302795 -0.317566
4.944946 -0.559097 -0.829102 0.313705 -0.341034
4.954956 -0.563126 -0.826370 0.324280 -0.365379
4.964966 -0.566818 -0.823853 0.334396 -0.390480
4.974976 -0.570145 -0.821548 0.344116 -0.416435
4.984985 -0.573090 -0.819489 0.353394 -0.443138
4.994995 -0.575668 -0.817688 0.362198 -0.470703
5.005005 -0.577866 -0.816132 0.370544 -0.499077
5.015015 -0.579666 -0.814850 0.378403 -0.528290
5.025024 -0.581085 -0.813843 0.385712 -0.558289
5.035034 -0.582092 -0.813126 0.392517 -0.589218
5.045044 -0.582672 -0.812714 0.398758 -0.620926
5.055054 -0.582825 -0.812592 0.404434 -0.653488
5.065063 -0.582565 -0.812790 0.409500 -0.687042
5.075073 -0.581833 -0.813309 0.413940 -0.721405
5.085083 -0.580658 -0.814148 0.417694 -0.756699
5.095093 -0.579010 -0.815323 0.420731 -0.792755
5.105103 -0.576859 -0.816833 0.423065 -0.829788
5.115112 -0.574219 -0.818695 0.424576 -0.867645
5.125122 -0.571060 -0.820908 0.425278 -0.906387
5.135132 -0.567352 -0.823471 0.425110 -0.945984
5.145142 -0.563080 -0.826401 0.424026 -0.986481
5.155151 -0.558228 -0.829681 0.421936 -1.027832
5.165161 -0.552765 -0.833344 0.418839 -1.069977
5.175171 -0.546661 -0.837357 0.414612 -1.112915
5.185181 -0.539856 -0.841751 0.409271 -1.156616
5.195190 -0.532318 -0.846542 0.402710 -1.201111
5.205200 -0.523972 -0.851730 0.394867 -1.246338
5.215210 -0.514725 -0.857346 0.385849 -1.292053
5.225220 -0.504486 -0.863419 0.375534 -1.338348
5.235229 -0.493103 -0.869965 0.364075 -1.384979
5.245239 -0.480431 -0.877029 0.351479 -1.431946
5.255249 -0.466286 -0.884628 0.337898 -1.479004
5.265259 -0.450462 -0.892792 0.323524 -1.526001
5.275269 -0.432777 -0.901505 0.308479 -1.572723
5.285278 -0.413040 -0.910706 0.292679 -1.619202
5.295288 -0.391045 -0.920380 0.276253 -1.665161
5.305298 -0.366600 -0.930374 0.259178 -1.710388
5.315308 -0.339470 -0.940613 0.241341 -1.754639
5.325317 -0.309402 -0.950928 0.222641 -1.797638
5.335327 -0.276108 -0.961121 0.202873 -1.838928
5.345337 -0.239208 -0.970963 0.181797 -1.878021
5.355347 -0.198318 -0.980133 0.159058 -1.914093
5.365356 -0.153011 -0.988220 0.134602 -1.945984
5.375366 -0.102921 -0.994690 0.108109 -1.972168
5.385376 -0.047955 -0.998856 0.079365 -1.990723
5.395386 0.011287 -0.999939 0.048736 -1.999237
5.405396 0.072796 -0.997345 0.017021 -1.995789
5.415405 0.132996 -0.991119 -0.014191 -1.980225
5.425415 0.188599 -0.982056 -0.043415 -1.954773
5.435425 0.238407 -0.971161 -0.070438 -1.922272
5.445435 0.282654 -0.959229 -0.095192 -1.885101
5.455444 0.321983 -0.946747 -0.118111 -1.844696
5.465454 0.357033 -0.934097 -0.139565 -1.802063
5.475464 0.388359 -0.921509 -0.159752 -1.757935
5.485474 0.416397 -0.909180 -0.178955 -1.712646
5.495483 0.441505 -0.897263 -0.197258 -1.666687
5.505493 0.463966 -0.885849 -0.214912 -1.620117
5.515503 0.484024 -0.875061 -0.231934 -1.573212
5.525513 0.501877 -0.864929 -0.248428 -1.526001
5.535522 0.517731 -0.855545 -0.264404 -1.478638
5.545532 0.531754 -0.846893 -0.279648 -1.431396
5.555542 0.544128 -0.839005 -0.294174 -1.384216
5.565552 0.555054 -0.831818 -0.307816 -1.337250
5.575562 0.564697 -0.825302 -0.320450 -1.290619
5.585571 0.573242 -0.819382 -0.331955 -1.244354
5.595581 0.580826 -0.814026 -0.342224 -1.198730
5.605591 0.587540 -0.809204 -0.351227 -1.153778
5.615601 0.593475 -0.804855 -0.358994 -1.109497
5.625610 0.598694 -0.800980 -0.365540 -1.066071
5.635620 0.603241 -0.797546 -0.370911 -1.023468
5.645630 0.607178 -0.794556 -0.375168 -0.981659
5.655640 0.610535 -0.791992 -0.378342 -0.940704
5.665649 0.613327 -0.789825 -0.380493 -0.900787
5.675659 0.615555 -0.788101 -0.381729 -0.861740
5.685669 0.617249 -0.786774 -0.382080 -0.823486
5.695679 0.618439 -0.785843 -0.381561 -0.786194
5.705688 0.619125 -0.785294 -0.380249 -0.749878
5.715698 0.619339 -0.785126 -0.378159 -0.714355
5.725708 0.619064 -0.785339 -0.375351 -0.679810
5.735718 0.618332 -0.785919 -0.371841 -0.646103
5.745728 0.617142 -0.786850 -0.367661 -0.613159
5.755737 0.615509 -0.788132 -0.362885 -0.581360
5.765747 0.613434 -0.789749 -0.357498 -0.550369
5.775757 0.610931 -0.791687 -0.351578 -0.520447
5.785767 0.608017 -0.793915 -0.345032 -0.491104
5.795776 0.604691 -0.796463 -0.338028 -0.462875
5.805786 0.600952 -0.799286 -0.330444 -0.435265
5.815796 0.596817 -0.802383 -0.322357 -0.408539
5.825806 0.592285 -0.805725 -0.313828 -0.382690
5.835815 0.587372 -0.809311 -0.304749 -0.357521
5.845825 0.582077 -0.813141 -0.295258 -0.333267
5.855835 0.576401 -0.817169 -0.285263 -0.309692
5.865845 0.570358 -0.821396 -0.274765 -0.286835
5.875854 0.563950 -0.825821 -0.263931 -0.264908
5.885864 0.557175 -0.830383 -0.252625 -0.243683
5.895874 0.550049 -0.835129 -0.241028 -0.223419
5.905884 0.542557 -0.840012 -0.229019 -0.203873
5.915894 0.534729 -0.845032 -0.216599 -0.185104
5.925903 0.526520 -0.850159 -0.203659 -0.166901
5.935913 0.517960 -0.855408 -0.190338 -0.149490
5.945923 0.509048 -0.860748 -0.176498 -0.132706
5.955933 0.499771 -0.866165 -0.162323 -0.116745
5.965942 0.490128 -0.871643 -0.147842 -0.101593
5.975952 0.480110 -0.877213 -0.133110 -0.087296
5.985962 0.469711 -0.882828 -0.117935 -0.073715
5.995972 0.458916 -0.888474 -0.102562 -0.060974
6.005981 0.447708 -0.894180 -0.087021 -0.049149
6.015991 0.436081 -0.899902 -0.071136 -0.038086
6.026001 0.424011 -0.905655 -0.055176 -0.027939
6.036011 0.411499 -0.911407 -0.038940 -0.018600
6.046021 0.398491 -0.917175 -0.022728 -0.010223
6.056030 0.384995 -0.922913 -0.006554 -0.002762
6.066040 0.370972 -0.928650 0.009499 0.003738
6.076050 0.356422 -0.934326 0.025414 0.009308
6.086060 0.341301 -0.939957 0.041100 0.013916
6.096069 0.325600 -0.945511 0.056526 0.017609
6.106079 0.309288 -0.950974 0.071621 0.020370
6.116089 0.292358 -0.956314 0.086349 0.022232
6.126099 0.274796 -0.961502 0.100666 0.023224
6.136108 0.256577 -0.966522 0.114506 0.023331
6.146118 0.237690 -0.971344 0.127346 0.022552
6.156128 0.218136 -0.975922 0.139629 0.020996
6.166138 0.197899 -0.980225 0.151314 0.018692
6.176147 0.176987 -0.984207 0.162365 0.015686
6.186157 0.155396 -0.987854 0.172512 0.011993
6.196167 0.133129 -0.991104 0.181721 0.007721
6.206177 0.110199 -0.993912 0.190216 0.002884
6.216187 0.086620 -0.996246 0.197990 -0.002472
6.226196 0.062408 -0.998047 0.204773 -0.008240
6.236206 0.037584 -0.999298 0.210808 -0.014420
6.246216 0.012174 -0.999924 0.215843 -0.020889
6.256226 -0.013791 -0.999908 0.220135 -0.027649
6.266235 -0.040277 -0.999191 0.223442 -0.034592
6.276245 -0.067242 -0.997742 0.226017 -0.041702
6.286255 -0.094648 -0.995514 0.227646 -0.048874
6.296265 -0.122442 -0.992477 0.228355 -0.056030
6.306274 -0.150574 -0.988602 0.228409 -0.063202
6.316284 -0.178993 -0.983856 0.227829 -0.070343
6.326294 -0.207634 -0.978210 0.226654 -0.077438
6.336304 -0.236439 -0.971649 0.224483 -0.084213
6.346313 -0.265343 -0.964157 0.221802 -0.090836
6.356323 -0.294281 -0.955719 0.218658 -0.097290
6.366333 -0.323196 -0.946335 0.214874 -0.103439
6.376343 -0.352005 -0.936005 0.210526 -0.109222
6.386353 -0.380638 -0.924728 0.205864 -0.114777
6.396362 -0.409035 -0.912521 0.200951 -0.120102
6.406372 -0.437119 -0.899399 0.195618 -0.125031
6.416382 -0.464828 -0.885406 0.190140 -0.129745
6.426392 -0.492096 -0.870544 0.184372 -0.134064
6.436401 -0.518860 -0.854858 0.178360 -0.138000
6.446411 -0.545059 -0.838394 0.172348 -0.141739
6.456421 -0.570633 -0.821198 0.166382 -0.145325
6.466431 -0.595535 -0.803329 0.160477 -0.148773
6.476440 -0.619720 -0.784821 0.154526 -0.151932
6.486450 -0.643143 -0.765747 0.148560 -0.154846
6.496460 -0.665756 -0.746170 0.142792 -0.157730
6.506470 -0.687515 -0.726166 0.137238 -0.160660
6.516479 -0.708420 -0.705780 0.131882 -0.163651
6.526489 -0.728455 -0.685104 0.126602 -0.166565
6.536499 -0.747574 -0.664169 0.121582 -0.169632
6.546509 -0.765793 -0.643082 0.116669 -0.172707
6.556519 -0.783112 -0.621887 0.112000 -0.176033
6.566528 -0.799500 -0.600677 0.107559 -0.179688
6.576538 -0.814972 -0.579498 0.103256 -0.183464
6.586548 -0.829559 -0.558426 0.099167 -0.187645
6.596558 -0.843262 -0.537506 0.095245 -0.192253
6.606567 -0.856110 -0.516800 0.091492 -0.197334
6.616577 -0.868103 -0.496391 0.087875 -0.202957
6.626587 -0.879272 -0.476311 0.084366 -0.209122
6.636597 -0.889648 -0.456635 0.080933 -0.215889
6.646606 -0.899277 -0.437386 0.077423 -0.222790
6.656616 -0.908157 -0.418633 0.073959 -0.230343
6.666626 -0.916336 -0.400429 0.070480 -0.238579
6.676636 -0.923828 -0.382790 0.066971 -0.247494
6.686646 -0.930710 -0.365761 0.063370 -0.257118
6.696655 -0.936981 -0.349373 0.059662 -0.267464
6.706665 -0.942688 -0.333679 0.055786 -0.278564
6.716675 -0.947861 -0.318680 0.051743 -0.290398
6.726685 -0.952530 -0.304443 0.047470 -0.303009
6.736694 -0.956726 -0.290985 0.042953 -0.316406
6.746704 -0.960495 -0.278313 0.038132 -0.330566
6.756714 -0.963837 -0.266479 0.033035 -0.345528
6.766724 -0.966812 -0.255493 0.027573 -0.361282
6.776733 -0.969437 -0.245358 0.021759 -0.377808
6.786743 -0.971725 -0.236118 0.015549 -0.395142
6.796753 -0.973709 -0.227776 0.008942 -0.413254
6.806763 -0.975418 -0.220341 0.001892 -0.432129
6.816772 -0.976868 -0.213848 -0.005600 -0.451813
6.826782 -0.978058 -0.208298 -0.013519 -0.472252
6.836792 -0.979034 -0.203671 -0.021942 -0.493423
6.846802 -0.979797 -0.200024 -0.030823 -0.515381
6.856812 -0.980331 -0.197330 -0.040161 -0.538055
6.866821 -0.980682 -0.195625 -0.050003 -0.561462
6.876831 -0.980835 -0.194878 -0.060318 -0.585587
6.886841 -0.980774 -0.195118 -0.071182 -0.610626
6.896851 -0.980530 -0.196342 -0.082642 -0.636566
6.906860 -0.980103 -0.198528 -0.094589 -0.663132
6.916870 -0.979446 -0.201698 -0.106964 -0.690338
6.926880 -0.978592 -0.205791 -0.119797 -0.718109
6.936890 -0.977509 -0.210865 -0.133301 -0.746872
6.946899 -0.976196 -0.216885 -0.147232 -0.776184
6.956909 -0.974625 -0.223850 -0.161682 -0.806198
6.966919 -0.972778 -0.231728 -0.176651 -0.836853
6.976929 -0.970627 -0.240562 -0.192108 -0.868195
6.986938 -0.968170 -0.250298 -0.207901 -0.899902
6.996948 -0.965347 -0.260948 -0.224258 -0.932373
7.006958 -0.962158 -0.272507 -0.241226 -0.965515
7.016968 -0.958542 -0.284935 -0.258575 -0.999115
7.026978 -0.954483 -0.298241 -0.276459 -1.033264
7.036987 -0.949936 -0.312454 -0.294830 -1.067993
7.046997 -0.944839 -0.327515 -0.313660 -1.103149
7.057007 -0.939163 -0.343475 -0.333115 -1.138916
7.067017 -0.932831 -0.360298 -0.352921 -1.174988
7.077026 -0.925797 -0.378021 -0.373245 -1.211487
7.087036 -0.917969 -0.396652 -0.393814 -1.248291
7.097046 -0.909286 -0.416168 -0.414749 -1.285339
7.107056 -0.899628 -0.436646 -0.436165 -1.322754
7.117065 -0.888885 -0.458130 -0.457741 -1.360413
7.127075 -0.876907 -0.480652 -0.479530 -1.398315
7.137085 -0.863571 -0.504242 -0.501434 -1.436340
7.147095 -0.848679 -0.528900 -0.523209 -1.474457
7.157104 -0.832092 -0.554626 -0.544968 -1.512512
7.167114 -0.813614 -0.581406 -0.566711 -1.550446
7.177124 -0.792984 -0.609238 -0.588425 -1.588074
7.187134 -0.769989 -0.638062 -0.610077 -1.625183
7.197144 -0.744293 -0.667847 -0.631775 -1.661499
7.207153 -0.715576 -0.698547 -0.653397 -1.696594
7.217163 -0.683380 -0.730057 -0.675110 -1.730042
7.227173 -0.647217 -0.762314 -0.696793 -1.761078
7.237183 -0.606461 -0.795120 -0.718323 -1.788849
7.247192 -0.560440 -0.828186 -0.739441 -1.812042
7.257202 -0.508499 -0.861069 -0.759491 -1.829041
7.267212 -0.450180 -0.892944 -0.777557 -1.837830
7.277222 -0.385933 -0.922531 -0.792542 -1.836121
7.287231 -0.317879 -0.948135 -0.802673 -1.822754
7.297241 -0.249844 -0.968292 -0.806519 -1.799011
7.307251 -0.184891 -0.982758 -0.803925 -1.768127
7.317261 -0.123985 -0.992279 -0.796112 -1.732697
7.327271 -0.066929 -0.997757 -0.783829 -1.694946
7.337280 -0.013208 -0.999908 -0.768112 -1.655762
7.347290 0.037698 -0.999283 -0.749664 -1.615784
7.357300 0.086245 -0.996277 -0.728729 -1.575806
7.367310 0.132812 -0.991135 -0.705765 -1.535919
7.377319 0.177708 -0.984085 -0.681015 -1.496552
7.387329 0.221176 -0.975235 -0.654541 -1.458069
7.397339 0.263390 -0.964691 -0.626892 -1.420135
7.407349 0.304459 -0.952530 -0.598145 -1.382996
7.417358 0.344421 -0.938812 -0.568619 -1.346680
7.427368 0.383263 -0.923645 -0.538605 -1.311127
7.437378 0.420914 -0.907104 -0.508530 -1.276062
7.447388 0.457306 -0.889313 -0.478561 -1.241638
7.457397 0.492332 -0.870407 -0.449089 -1.207611
7.467407 0.525955 -0.850510 -0.420395 -1.173676
7.477417 0.558121 -0.829758 -0.392487 -1.140167
7.487427 0.588821 -0.808258 -0.365494 -1.107056
7.497437 0.618103 -0.786102 -0.339508 -1.074158
7.507446 0.645950 -0.763382 -0.314560 -1.041595
7.517456 0.672424 -0.740173 -0.290634 -1.009460
7.527466 0.697556 -0.716537 -0.267761 -0.977600
7.537476 0.721359 -0.692551 -0.245911 -0.946289
7.547485 0.743912 -0.668274 -0.225128 -0.915161
7.557495 0.765228 -0.643753 -0.205307 -0.884735
7.567505 0.785339 -0.619064 -0.186478 -0.854828
7.577515 0.804276 -0.594254 -0.168625 -0.825500
7.587524 0.822098 -0.569351 -0.151688 -0.796799
7.597534 0.838791 -0.544449 -0.135712 -0.768799
7.607544 0.854431 -0.519577 -0.120682 -0.741302
7.617554 0.869003 -0.494797 -0.106537 -0.714630
7.627563 0.882584 -0.470154 -0.093277 -0.688553
7.637573 0.895172 -0.445717 -0.080902 -0.663162
7.647583 0.906815 -0.421516 -0.069305 -0.638733
7.657593 0.917542 -0.397629 -0.058533 -0.615082
7.667603 0.927399 -0.374092 -0.048508 -0.592255
7.677612 0.936386 -0.350967 -0.039261 -0.570312
7.687622 0.944565 -0.328323 -0.030701 -0.549347
7.697632 0.951965 -0.306183 -0.022873 -0.529114
7.707642 0.958649 -0.284584 -0.015640 -0.509888
7.717651 0.964645 -0.263565 -0.008972 -0.491722
7.727661 0.969971 -0.243198 -0.002930 -0.474442
7.737671 0.974701 -0.223526 0.002609 -0.458099
7.747681 0.978851 -0.204567 0.007614 -0.442696
7.757690 0.982483 -0.186367 0.012253 -0.428528
7.767700 0.985626 -0.168980 0.016403 -0.415161
7.777710 0.988312 -0.152416 0.020233 -0.403091
7.787720 0.990616 -0.136681 0.023712 -0.391846
7.797729 0.992554 -0.121824 0.026978 -0.381943
7.807739 0.994171 -0.107878 0.029938 -0.372940
7.817749 0.995499 -0.094854 0.032776 -0.365334
7.827759 0.996567 -0.082787 0.035370 -0.358665
7.837769 0.997437 -0.071650 0.037872 -0.353149
7.847778 0.998108 -0.061481 0.040283 -0.348831
7.857788 0.998627 -0.052309 0.042648 -0.345734
7.867798 0.999023 -0.044109 0.044922 -0.343597
7.877808 0.999313 -0.036914 0.047211 -0.342682
7.887817 0.999527 -0.030722 0.049530 -0.343002
7.897827 0.999680 -0.025536 0.051849 -0.344299
7.907837 0.999771 -0.021356 0.054214 -0.346817
7.917847 0.999832 -0.018183 0.056686 -0.350563
7.927856 0.999878 -0.016047 0.059189 -0.355324
7.937866 0.999893 -0.014918 0.061798 -0.361305
7.947876 0.999893 -0.014796 0.064545 -0.368500
7.957886 0.999878 -0.015711 0.067307 -0.376717
7.967896 0.999847 -0.017634 0.070221 -0.386139
7.977905 0.999786 -0.020563 0.073166 -0.396545
7.987915 0.999695 -0.024499 0.076309 -0.408386
7.997925 0.999573 -0.029471 0.079514 -0.421234
8.008057 0.999374 -0.035450 0.082687 -0.435059
8.018066 0.999100 -0.042402 0.086060 -0.450279
8.028076 0.998734 -0.050359 0.089417 -0.466469
8.038086 0.998245 -0.059257 0.092834 -0.483780
8.048096 0.997604 -0.069124 0.096268 -0.502258
8.058105 0.996796 -0.079988 0.099731 -0.521896
8.068115 0.995789 -0.091755 0.103088 -0.542404
8.078125 0.994537 -0.104450 0.106506 -0.564224
8.088135 0.993011 -0.118036 0.109741 -0.586899
8.098145 0.991180 -0.132538 0.112991 -0.610855
8.108154 0.988998 -0.147888 0.116119 -0.635834
8.118164 0.986450 -0.164104 0.119110 -0.661819
8.128174 0.983459 -0.181149 0.121887 -0.688782
8.138184 0.979996 -0.199005 0.124557 -0.716904
8.148193 0.976028 -0.217632 0.126968 -0.745941
8.158203 0.971512 -0.237007 0.129227 -0.776031
8.168213 0.966385 -0.257118 0.131287 -0.807220
8.178223 0.960602 -0.277931 0.132965 -0.839203
8.188232 0.954117 -0.299438 0.134369 -0.872162
8.198242 0.946869 -0.321602 0.135452 -0.906067
8.208252 0.938843 -0.344360 0.136215 -0.940857
8.218262 0.929932 -0.367744 0.136581 -0.976501
8.228271 0.920105 -0.391685 0.136658 -1.013153
8.238281 0.909302 -0.416138 0.136292 -1.050537
8.248291 0.897446 -0.441116 0.135544 -1.088806
8.258301 0.884476 -0.466599 0.134232 -1.127747
8.268311 0.870300 -0.492516 0.132462 -1.167480
8.278320 0.854874 -0.518845 0.130356 -1.208099
8.288330 0.838058 -0.545563 0.127655 -1.249359
8.298340 0.819824 -0.572617 0.124527 -1.291321
8.308350 0.800049 -0.599930 0.120712 -1.333740
8.318359 0.778656 -0.627441 0.116516 -1.376831
8.328369 0.755585 -0.655060 0.112122 -1.420532
8.338379 0.730713 -0.682678 0.107468 -1.464722
8.348389 0.703995 -0.710205 0.102753 -1.509277
8.358398 0.675354 -0.737503 0.098373 -1.554260
8.368408 0.644684 -0.764450 0.094315 -1.599365
8.378418 0.611847 -0.790970 0.090759 -1.644470
8.388428 0.576706 -0.816956 0.088066 -1.689453
8.398438 0.539001 -0.842316 0.086548 -1.734100
8.408447 0.498444 -0.866928 0.086044 -1.777954
8.418457 0.454674 -0.890656 0.086777 -1.820526
8.428467 0.407249 -0.913315 0.088882 -1.861267
8.438477 0.355637 -0.934631 0.092621 -1.899414
8.448486 0.299225 -0.954178 0.098175 -1.933777
8.458496 0.237396 -0.971420 0.105663 -1.962708
8.468506 0.169704 -0.985489 0.115253 -1.984009
8.478516 0.096321 -0.995346 0.126312 -1.994904
8.488525 0.018934 -0.999817 0.137756 -1.992737
8.498535 -0.058466 -0.998291 0.148247 -1.976685
8.508545 -0.131374 -0.991333 0.155750 -1.949219
8.518555 -0.197903 -0.980225 0.159916 -1.914001
8.528564 -0.258293 -0.966064 0.160698 -1.874054
8.538574 -0.313393 -0.949631 0.158699 -1.831177
8.548584 -0.364029 -0.931381 0.154495 -1.786438
8.558594 -0.410912 -0.911682 0.148323 -1.740692
8.568604 -0.454582 -0.890701 0.140541 -1.694336
8.578613 -0.495468 -0.868622 0.131348 -1.647797
8.588623 -0.533890 -0.845551 0.120850 -1.601410
8.598633 -0.570145 -0.821548 0.109314 -1.555237
8.608643 -0.604370 -0.796707 0.097000 -1.509521
8.618652 -0.636703 -0.771103 0.084061 -1.464294
8.628662 -0.667221 -0.744858 0.070908 -1.419525
8.638672 -0.695938 -0.718094 0.057800 -1.375275
8.648682 -0.722900 -0.690948 0.044937 -1.331604
8.658691 -0.748138 -0.663544 0.032364 -1.288696
8.668701 -0.771667 -0.636017 0.020447 -1.246399
8.678711 -0.793579 -0.608475 0.009293 -1.204651
8.688721 -0.813904 -0.581009 -0.001099 -1.163574
8.698730 -0.832733 -0.553680 -0.010788 -1.123260
8.708740 -0.850128 -0.526566 -0.019669 -1.083618
8.718750 -0.866196 -0.499695 -0.027786 -1.044739
8.728760 -0.880981 -0.473145 -0.035339 -1.006897
8.738770 -0.894577 -0.446915 -0.042099 -0.969666
8.748779 -0.907028 -0.421074 -0.048233 -0.933380
8.758789 -0.918411 -0.395638 -0.053665 -0.897858
8.768799 -0.928772 -0.370667 -0.058441 -0.863129
8.778809 -0.938171 -0.346169 -0.062714 -0.829468
8.788818 -0.946686 -0.322174 -0.066437 -0.796692
8.798828 -0.954330 -0.298767 -0.069611 -0.764893
8.808838 -0.961182 -0.275940 -0.072281 -0.734039
8.818848 -0.967270 -0.253723 -0.074387 -0.703995
8.828857 -0.972687 -0.232143 -0.076096 -0.674988
8.838867 -0.977432 -0.211250 -0.077408 -0.647079
8.848877 -0.981583 -0.191074 -0.078278 -0.620071
8.858887 -0.985168 -0.171627 -0.078751 -0.594009
8.868896 -0.988235 -0.152958 -0.078949 -0.569122
8.878906 -0.990829 -0.135109 -0.078827 -0.545288
8.888916 -0.993011 -0.118067 -0.078415 -0.522446
8.898926 -0.994797 -0.101870 -0.077744 -0.500656
8.908936 -0.996246 -0.086557 -0.076874 -0.479958
8.918945 -0.997391 -0.072138 -0.075836 -0.460365
8.928955 -0.998276 -0.058617 -0.074554 -0.441666
8.938965 -0.998947 -0.046030 -0.073273 -0.424339
8.948975 -0.999405 -0.034412 -0.071793 -0.407974
8.958984 -0.999725 -0.023736 -0.070312 -0.392761
8.968994 -0.999908 -0.014033 -0.068787 -0.378738
8.979004 -0.999985 -0.005336 -0.067276 -0.365952
8.989014 -1.000000 0.002415 -0.065704 -0.354095
8.999023 -0.999954 0.009160 -0.064194 -0.343468
9.009033 -0.999893 0.014896 -0.062759 -0.334076
9.019043 -0.999802 0.019596 -0.061310 -0.325722
9.029053 -0.999725 0.023287 -0.059982 -0.318588
9.039062 -0.999664 0.025972 -0.058762 -0.312691
9.049072 -0.999619 0.027650 -0.057556 -0.307793
9.059082 -0.999603 0.028290 -0.056396 -0.303925
9.069092 -0.999603 0.027925 -0.055435 -0.301529
9.079102 -0.999649 0.026552 -0.054520 -0.300133
9.089111 -0.999710 0.024172 -0.053619 -0.299744
9.099121 -0.999786 0.020755 -0.052841 -0.300621
9.109131 -0.999863 0.016331 -0.052124 -0.302734
9.119141 -0.999939 0.010899 -0.051422 -0.305847
9.129150 -0.999985 0.004490 -0.050781 -0.310165
9.139160 -1.000000 -0.002925 -0.050110 -0.315498
9.149170 -0.999939 -0.011348 -0.049515 -0.322296
9.159180 -0.999786 -0.020746 -0.048828 -0.330070
9.169189 -0.999512 -0.031149 -0.048035 -0.338852
9.179199 -0.999100 -0.042524 -0.047241 -0.349068
9.189209 -0.998489 -0.054869 -0.046265 -0.360245
9.199219 -0.997681 -0.068150 -0.045151 -0.372589
9.209229 -0.996597 -0.082361 -0.043839 -0.386108
9.219238 -0.995239 -0.097496 -0.042343 -0.400780
9.229248 -0.993546 -0.113489 -0.040497 -0.416306
9.239258 -0.991470 -0.130360 -0.038422 -0.433182
9.249268 -0.988968 -0.148098 -0.035995 -0.451141
9.259277 -0.986023 -0.166634 -0.033203 -0.470146
9.269287 -0.982559 -0.185947 -0.029953 -0.490158
9.279297 -0.978546 -0.206028 -0.026321 -0.511398
9.289307 -0.973938 -0.226795 -0.022156 -0.533569
9.299316 -0.968689 -0.248257 -0.017426 -0.556656
9.309326 -0.962769 -0.270332 -0.012192 -0.580811
9.319336 -0.956100 -0.293022 -0.006287 -0.605835
9.329346 -0.948685 -0.316223 0.000214 -0.631805
9.339355 -0.940460 -0.339912 0.007278 -0.658966
9.349365 -0.931381 -0.364052 0.015015 -0.687042
9.359375 -0.921402 -0.388596 0.023499 -0.715973
9.369385 -0.910507 -0.413498 0.032700 -0.745712
9.379395 -0.898621 -0.438736 0.042618 -0.776474
9.389404 -0.885727 -0.464218 0.053345 -0.807922
9.399414 -0.871765 -0.489914 0.064941 -0.840027
9.409424 -0.856720 -0.515793 0.077316 -0.872986
9.419434 -0.840546 -0.541748 0.090485 -0.906677
9.429443 -0.823181 -0.567795 0.104614 -0.940903
9.439453 -0.804581 -0.593842 0.119614 -0.975769
9.449463 -0.784698 -0.619873 0.135437 -1.011475
9.459473 -0.763504 -0.645798 0.152176 -1.047729
9.469482 -0.740936 -0.671585 0.169769 -1.084656
9.479492 -0.716919 -0.697159 0.188370 -1.121979
9.489502 -0.691422 -0.722443 0.207855 -1.159790
9.499512 -0.664368 -0.747406 0.228409 -1.197906
9.509521 -0.635712 -0.771927 0.249802 -1.236511
9.519531 -0.605408 -0.795914 0.272049 -1.275574
9.529541 -0.573425 -0.819260 0.295090 -1.314911
9.539551 -0.539734 -0.841843 0.318817 -1.354553
9.549561 -0.504349 -0.863495 0.342987 -1.394531
9.559570 -0.467308 -0.884094 0.367348 -1.434875
9.569580 -0.428665 -0.903458 0.391602 -1.475433
9.579590 -0.388451 -0.921463 0.415154 -1.516632
9.589600 -0.346657 -0.937988 0.437798 -1.558167
9.599609 -0.303215 -0.952927 0.459267 -1.599915
9.609619 -0.258003 -0.966141 0.479134 -1.641907
9.619629 -0.210812 -0.977524 0.497131 -1.683777
9.629639 -0.161366 -0.986893 0.513077 -1.725220
9.639648 -0.109327 -0.994003 0.526566 -1.765778
9.649658 -0.054301 -0.998520 0.537277 -1.804749
9.659668 0.004154 -0.999985 0.544632 -1.841339
9.669678 0.066475 -0.997787 0.548004 -1.874207
9.679688 0.132957 -0.991119 0.546844 -1.901428
9.689697 0.203453 -0.979080 0.540680 -1.920502
9.699707 0.276733 -0.960953 0.528839 -1.928650
9.709717 0.349678 -0.936874 0.512253 -1.923584
9.719727 0.417862 -0.908508 0.493439 -1.905640
9.729736 0.478661 -0.878006 0.474228 -1.877991
9.739746 0.532104 -0.846680 0.455727 -1.843750
9.749756 0.579163 -0.815216 0.438477 -1.805267
9.759766 0.620895 -0.783890 0.421997 -1.763916
9.769775 0.658173 -0.752853 0.406715 -1.720703
9.779785 0.691650 -0.722229 0.392090 -1.676300
9.789795 0.721863 -0.692032 0.378151 -1.631104
9.799805 0.749207 -0.662338 0.364571 -1.585388
9.809814 0.774033 -0.633133 0.351654 -1.539551
9.819824 0.796600 -0.604492 0.339142 -1.493713
9.829834 0.817139 -0.576447 0.326790 -1.447968
9.839844 0.835815 -0.549011 0.314728 -1.402527
9.849854 0.852798 -0.522232 0.302643 -1.357300
9.859863 0.868256 -0.496124 0.290680 -1.312439
9.869873 0.882278 -0.470718 0.278702 -1.268005
9.879883 0.895020 -0.446037 0.266815 -1.224091
9.889893 0.906570 -0.422066 0.254929 -1.180603
9.899902 0.917023 -0.398834 0.243256 -1.137756
9.909912 0.926483 -0.376328 0.231705 -1.095551
9.919922 0.935028 -0.354568 0.220169 -1.053833
9.929932 0.942734 -0.333534 0.208862 -1.012817
9.939941 0.949661 -0.313263 0.197647 -0.972412
9.949951 0.955872 -0.293785 0.186584 -0.932678
9.959961 0.961426 -0.275085 0.175720 -0.893677
9.969971 0.966370 -0.257172 0.165054 -0.855423
9.979980 0.970764 -0.240059 0.154526 -0.817780
9.989990 0.974655 -0.223732 0.144150 -0.780731
