0.000000 1.000000 -0.000000 0.826352 -0.984808
0.000000 1.000000 -0.000409 0.826352 -0.985217
0.010010 0.999999 -0.001718 0.826466 -0.986546
0.020020 0.999992 -0.003927 0.826694 -0.988796
0.030030 0.999975 -0.007037 0.827032 -0.991969
0.040040 0.999939 -0.011050 0.827475 -0.996066
0.050050 0.999873 -0.015967 0.828018 -1.001089
0.060060 0.999763 -0.021792 0.828652 -1.007044
0.070070 0.999593 -0.028528 0.829368 -1.013933
0.080080 0.999345 -0.036178 0.830157 -1.021761
0.090090 0.998998 -0.044746 0.831005 -1.030534
0.100100 0.998528 -0.054237 0.831901 -1.040257
0.110110 0.997908 -0.064655 0.832828 -1.050935
0.120120 0.997107 -0.076004 0.833772 -1.062575
0.130130 0.996095 -0.088290 0.834715 -1.075182
0.140140 0.994834 -0.101515 0.835641 -1.088763
0.150150 0.993286 -0.115683 0.836532 -1.103321
0.160160 0.991409 -0.130796 0.837369 -1.118860
0.170170 0.989158 -0.146854 0.838136 -1.135385
0.180180 0.986484 -0.163857 0.838816 -1.152894
0.190190 0.983335 -0.181801 0.839396 -1.171387
0.200200 0.979657 -0.200679 0.839865 -1.190860
0.210210 0.975391 -0.220482 0.840214 -1.211303
0.220220 0.970476 -0.241197 0.840441 -1.232706
0.230230 0.964849 -0.262806 0.840548 -1.255050
0.240240 0.958442 -0.285288 0.840542 -1.278314
0.250250 0.951186 -0.308619 0.840437 -1.302468
0.260260 0.943008 -0.332770 0.840252 -1.327477
0.270270 0.933833 -0.357710 0.840012 -1.353299
0.280280 0.923580 -0.383405 0.839746 -1.379885
0.290290 0.912166 -0.409821 0.839485 -1.407176
0.300300 0.899499 -0.436922 0.839264 -1.435106
0.310310 0.885482 -0.464673 0.839115 -1.463598
0.320320 0.870007 -0.493040 0.839070 -1.492561
0.330330 0.852953 -0.521988 0.839156 -1.521893
0.340340 0.834185 -0.551484 0.839398 -1.551471
0.350350 0.813552 -0.581493 0.839810 -1.581148
0.360360 0.790876 -0.611977 0.840400 -1.610750
0.370370 0.765956 -0.642893 0.841161 -1.640061
0.380380 0.738559 -0.674189 0.842070 -1.668817
0.390390 0.708415 -0.705796 0.843081 -1.696687
0.400400 0.675218 -0.737618 0.844114 -1.723252
0.410410 0.638625 -0.769518 0.845041 -1.747983
0.420420 0.598272 -0.801293 0.845659 -1.770210
0.430430 0.553817 -0.832638 0.845664 -1.789103
0.440440 0.505027 -0.863104 0.844605 -1.803682
0.450450 0.451960 -0.892038 0.841840 -1.812904
0.460460 0.395241 -0.918578 0.836548 -1.815934
0.470470 0.336264 -0.941768 0.827867 -1.812587
0.480480 0.276877 -0.960905 0.815225 -1.803628
0.490490 0.218570 -0.975821 0.798570 -1.790437
0.500500 0.162079 -0.986778 0.778233 -1.774403
0.510511 0.107588 -0.994196 0.754664 -1.756621
0.520521 0.055018 -0.998485 0.728284 -1.737885
0.530531 0.004197 -0.999991 0.699440 -1.718765
0.540541 -0.045064 -0.998984 0.668404 -1.699672
0.550551 -0.092935 -0.995672 0.635387 -1.680907
0.560561 -0.139559 -0.990214 0.600558 -1.662692
0.570571 -0.185047 -0.982730 0.564049 -1.645191
0.580581 -0.229477 -0.973314 0.525975 -1.628519
0.590591 -0.272892 -0.962045 0.486434 -1.612755
0.600601 -0.315303 -0.948991 0.445525 -1.597944
0.610611 -0.356693 -0.934222 0.403343 -1.584102
0.620621 -0.397013 -0.917813 0.359992 -1.571221
0.630631 -0.436195 -0.899852 0.315580 -1.559271
0.640641 -0.474151 -0.880444 0.270221 -1.548208
0.650651 -0.510784 -0.859709 0.224032 -1.537976
0.660661 -0.545994 -0.837789 0.177125 -1.528512
0.670671 -0.579685 -0.814840 0.129610 -1.519752
0.680681 -0.611772 -0.791034 0.081580 -1.511632
0.690691 -0.642185 -0.766550 0.033118 -1.504090
0.700701 -0.670869 -0.741576 -0.015712 -1.497068
0.710711 -0.697792 -0.716301 -0.064860 -1.490509
0.720721 -0.722935 -0.690916 -0.114292 -1.484360
0.730731 -0.746301 -0.665608 -0.163982 -1.478569
0.740741 -0.767906 -0.640562 -0.213914 -1.473084
0.750751 -0.787780 -0.615957 -0.264073 -1.467855
0.760761 -0.805962 -0.591968 -0.314440 -1.462833
0.770771 -0.822501 -0.568763 -0.364994 -1.457969
0.780781 -0.837454 -0.546508 -0.415702 -1.453219
0.790791 -0.850879 -0.525362 -0.466518 -1.448545
0.800801 -0.862840 -0.505478 -0.517383 -1.443912
0.810811 -0.873400 -0.487003 -0.568222 -1.439299
0.820821 -0.882624 -0.470079 -0.618949 -1.434691
0.830831 -0.890574 -0.454838 -0.669464 -1.430086
0.840841 -0.897311 -0.441399 -0.719662 -1.425493
0.850851 -0.902889 -0.429875 -0.769432 -1.420929
0.860861 -0.907358 -0.420359 -0.818668 -1.416419
0.870871 -0.910761 -0.412934 -0.867270 -1.411988
0.880881 -0.913132 -0.407665 -0.915145 -1.407663
0.890891 -0.914492 -0.404603 -0.962215 -1.403464
0.900901 -0.914853 -0.403787 -1.008413 -1.399401
0.910911 -0.914209 -0.405242 -1.053682 -1.395468
0.920921 -0.912540 -0.408987 -1.097973 -1.391644
0.930931 -0.909807 -0.415032 -1.141243 -1.387882
0.940941 -0.905950 -0.423386 -1.183446 -1.384112
0.950951 -0.900887 -0.434054 -1.224530 -1.380233
0.960961 -0.894513 -0.447042 -1.264427 -1.376108
0.970971 -0.886694 -0.462356 -1.303045 -1.371560
0.980981 -0.877268 -0.480001 -1.340256 -1.366365
0.990991 -0.866042 -0.499971 -1.375878 -1.360243
1.001001 -0.852796 -0.522244 -1.409660 -1.352848
1.011011 -0.837289 -0.546760 -1.441255 -1.343770
1.021021 -0.819288 -0.573383 -1.470197 -1.332538
1.031031 -0.798611 -0.601848 -1.495882 -1.318656
1.041041 -0.775228 -0.631682 -1.517586 -1.301685
1.051051 -0.749386 -0.662133 -1.534561 -1.281408
1.061061 -0.721700 -0.692205 -1.546242 -1.258007
1.071071 -0.693025 -0.720914 -1.552496 -1.232098
1.081081 -0.664141 -0.747607 -1.553663 -1.204500
1.091091 -0.635552 -0.772058 -1.550351 -1.175967
1.101101 -0.607500 -0.794320 -1.543216 -1.147073
1.111111 -0.580058 -0.814575 -1.532842 -1.118224
1.121121 -0.553214 -0.833039 -1.519714 -1.089707
1.131131 -0.526913 -0.849919 -1.504224 -1.061725
1.141141 -0.501076 -0.865403 -1.486688 -1.034427
1.151151 -0.475622 -0.879650 -1.467360 -1.007927
1.161161 -0.450463 -0.892795 -1.446448 -0.982314
1.171171 -0.425513 -0.904952 -1.424123 -0.957658
1.181181 -0.400687 -0.916215 -1.400528 -0.934018
1.191191 -0.375904 -0.926659 -1.375788 -0.911444
1.201201 -0.351084 -0.936344 -1.350009 -0.889974
1.211211 -0.326156 -0.945316 -1.323288 -0.869635
1.221221 -0.301052 -0.953608 -1.295716 -0.850441
1.231231 -0.275719 -0.961238 -1.267383 -0.832388
1.241241 -0.250114 -0.968216 -1.238377 -0.815449
1.251251 -0.224215 -0.974540 -1.208790 -0.799574
1.261261 -0.198016 -0.980199 -1.178718 -0.784690
1.271271 -0.171530 -0.985179 -1.148259 -0.770702
1.281281 -0.144785 -0.989463 -1.117510 -0.757501
1.291291 -0.117821 -0.993035 -1.086565 -0.744974
1.301301 -0.090681 -0.995880 -1.055513 -0.733013
1.311311 -0.063410 -0.997988 -1.024433 -0.721517
1.321321 -0.036052 -0.999350 -0.993396 -0.710400
1.331331 -0.008645 -0.999963 -0.962467 -0.699589
1.341341 0.018777 -0.999824 -0.931699 -0.689027
1.351351 0.046185 -0.998933 -0.901142 -0.678668
1.361361 0.073554 -0.997291 -0.870840 -0.668474
1.371371 0.100859 -0.994901 -0.840831 -0.658417
1.381381 0.128080 -0.991764 -0.811151 -0.648476
1.391391 0.155196 -0.987884 -0.781834 -0.638633
1.401401 0.182188 -0.983264 -0.752911 -0.628875
1.411411 0.209035 -0.977908 -0.724411 -0.619191
1.421421 0.235718 -0.971821 -0.696363 -0.609573
1.431431 0.262216 -0.965009 -0.668794 -0.600016
1.441441 0.288506 -0.957478 -0.641729 -0.590514
1.451451 0.314564 -0.949236 -0.615194 -0.581066
1.461461 0.340367 -0.940293 -0.589212 -0.571669
1.471471 0.365889 -0.930659 -0.563805 -0.562324
1.481481 0.391102 -0.920347 -0.538995 -0.553034
1.491491 0.415979 -0.909374 -0.514804 -0.543802
1.501502 0.440493 -0.897756 -0.491248 -0.534632
1.511512 0.464612 -0.885514 -0.468347 -0.525533
1.521522 0.488309 -0.872671 -0.446117 -0.516514
1.531532 0.511553 -0.859252 -0.424572 -0.507585
1.541542 0.534315 -0.845285 -0.403725 -0.498760
1.551552 0.556567 -0.830803 -0.383588 -0.490055
1.561562 0.578279 -0.815839 -0.364170 -0.481489
1.571572 0.599425 -0.800431 -0.345478 -0.473080
1.581582 0.619980 -0.784618 -0.327517 -0.464853
1.591592 0.639919 -0.768443 -0.310292 -0.456833
1.601602 0.659220 -0.751950 -0.293801 -0.449046
1.611612 0.677863 -0.735188 -0.278045 -0.441523
1.621622 0.695832 -0.718204 -0.263019 -0.434295
1.631632 0.713112 -0.701050 -0.248716 -0.427395
1.641642 0.729690 -0.683778 -0.235128 -0.420859
1.651652 0.745558 -0.666441 -0.222243 -0.414724
1.661662 0.760709 -0.649093 -0.210047 -0.409027
1.671672 0.775142 -0.631788 -0.198524 -0.403807
1.681682 0.788855 -0.614580 -0.187654 -0.399104
1.691692 0.801852 -0.597523 -0.177417 -0.394956
1.701702 0.814139 -0.580671 -0.167787 -0.391404
1.711712 0.825724 -0.564075 -0.158740 -0.388487
1.721722 0.836618 -0.547787 -0.150248 -0.386244
1.731732 0.846835 -0.531856 -0.142280 -0.384711
1.741742 0.856390 -0.516329 -0.134806 -0.383927
1.751752 0.865300 -0.501254 -0.127793 -0.383925
1.761762 0.873585 -0.486672 -0.121207 -0.384740
1.771772 0.881263 -0.472627 -0.115013 -0.386404
1.781782 0.888356 -0.459156 -0.109176 -0.388945
1.791792 0.894885 -0.446297 -0.103661 -0.392393
1.801802 0.900872 -0.434084 -0.098431 -0.396773
1.811812 0.906340 -0.422549 -0.093451 -0.402108
1.821822 0.911310 -0.411721 -0.088685 -0.408420
1.831832 0.915803 -0.401628 -0.084098 -0.415728
1.841842 0.919840 -0.392295 -0.079656 -0.424048
1.851852 0.923440 -0.383743 -0.075327 -0.433395
1.861862 0.926623 -0.375993 -0.071077 -0.443781
1.871872 0.929405 -0.369062 -0.066877 -0.455216
1.881882 0.931802 -0.362967 -0.062697 -0.467707
1.891892 0.933829 -0.357719 -0.058511 -0.481259
1.901902 0.935498 -0.353332 -0.054290 -0.495877
1.911912 0.936819 -0.349813 -0.050013 -0.511561
1.921922 0.937802 -0.347171 -0.045655 -0.528311
1.931932 0.938452 -0.345409 -0.041197 -0.546123
1.941942 0.938775 -0.344531 -0.036620 -0.564994
1.951952 0.938772 -0.344538 -0.031907 -0.584917
1.961962 0.938444 -0.345430 -0.027042 -0.605885
1.971972 0.937790 -0.347204 -0.022011 -0.627888
1.981982 0.936803 -0.349856 -0.016802 -0.650916
1.991992 0.935480 -0.353380 -0.011404 -0.674956
2.002002 0.933810 -0.357769 -0.005807 -0.699997
2.012012 0.931783 -0.363015 -0.000003 -0.726023
2.022022 0.929387 -0.369108 0.006017 -0.753020
2.032032 0.926605 -0.376036 0.012260 -0.780972
2.042042 0.923421 -0.383787 0.018733 -0.809862
2.052052 0.919816 -0.392350 0.025443 -0.839672
2.062062 0.915767 -0.401710 0.032396 -0.870385
2.072072 0.911250 -0.411854 0.039598 -0.901979
2.082082 0.906239 -0.422766 0.047056 -0.934436
2.092092 0.900704 -0.434433 0.054777 -0.967733
2.102102 0.894614 -0.446841 0.062768 -1.001848
2.112112 0.887933 -0.459973 0.071035 -1.036757
2.122122 0.880623 -0.473818 0.079586 -1.072434
2.132132 0.872641 -0.488361 0.088427 -1.108851
2.142142 0.863942 -0.503591 0.097564 -1.145980
2.152152 0.854473 -0.519496 0.107000 -1.183787
2.162162 0.844176 -0.536066 0.116737 -1.222238
2.172172 0.832987 -0.553293 0.126774 -1.261293
2.182182 0.820830 -0.571172 0.137103 -1.300910
2.192192 0.807624 -0.589698 0.147711 -1.341040
2.202202 0.793273 -0.608866 0.158580 -1.381631
2.212212 0.777670 -0.628673 0.169687 -1.422623
2.222222 0.760696 -0.649108 0.181010 -1.463948
2.232232 0.742219 -0.670158 0.192533 -1.505529
2.242242 0.722094 -0.691795 0.204257 -1.547274
2.252252 0.700163 -0.713983 0.216202 -1.589072
2.262262 0.676250 -0.736672 0.228408 -1.630785
2.272272 0.650153 -0.759804 0.240937 -1.672241
2.282282 0.621638 -0.783305 0.253861 -1.713219
2.292292 0.590429 -0.807089 0.267268 -1.753433
2.302302 0.556197 -0.831050 0.281246 -1.792508
2.312312 0.518547 -0.855049 0.295886 -1.829945
2.322322 0.477008 -0.878899 0.311269 -1.865069
2.332332 0.431034 -0.902336 0.327450 -1.896956
2.342342 0.380028 -0.924975 0.344418 -1.924341
2.352352 0.323436 -0.946250 0.362028 -1.945505
2.362362 0.260999 -0.965339 0.379870 -1.958249
2.372372 0.193319 -0.981136 0.397073 -1.960158
2.382382 0.122728 -0.992440 0.412164 -1.949638
2.392392 0.053242 -0.998582 0.423510 -1.927506
2.402402 -0.011929 -0.999929 0.430408 -1.896778
2.412412 -0.071874 -0.997414 0.433199 -1.860490
2.422422 -0.126935 -0.991911 0.432555 -1.820748
2.432432 -0.177762 -0.984073 0.429089 -1.778889
2.442442 -0.224982 -0.974363 0.423285 -1.735776
2.452452 -0.269125 -0.963105 0.415517 -1.691984
2.462462 -0.310622 -0.950534 0.406076 -1.647917
2.472472 -0.349820 -0.936817 0.395199 -1.603860
2.482482 -0.386997 -0.922081 0.383087 -1.560024
2.492492 -0.422368 -0.906424 0.369928 -1.516561
2.502502 -0.456096 -0.889930 0.355912 -1.473576
2.512513 -0.488295 -0.872678 0.341237 -1.431137
2.522523 -0.519037 -0.854752 0.326116 -1.389277
2.532533 -0.548361 -0.836242 0.310765 -1.348006
2.542543 -0.576289 -0.817246 0.295392 -1.307318
2.552553 -0.602841 -0.797862 0.280174 -1.267207
2.562563 -0.628038 -0.778183 0.265248 -1.227670
2.572573 -0.651914 -0.758293 0.250714 -1.188713
2.582583 -0.674510 -0.738266 0.236636 -1.150350
2.592593 -0.695872 -0.718166 0.223052 -1.112601
2.602603 -0.716050 -0.698049 0.209983 -1.075492
2.612613 -0.735096 -0.677964 0.197438 -1.039047
2.622623 -0.753057 -0.657955 0.185420 -1.003296
2.632633 -0.769982 -0.638066 0.173929 -0.968266
2.642643 -0.785915 -0.618335 0.162962 -0.933982
2.652653 -0.800899 -0.598800 0.152513 -0.900473
2.662663 -0.814973 -0.579499 0.142578 -0.867763
2.672673 -0.828176 -0.560468 0.133151 -0.835877
2.682683 -0.840543 -0.541745 0.124227 -0.804840
2.692693 -0.852109 -0.523365 0.115798 -0.774676
2.702703 -0.862905 -0.505366 0.107857 -0.745407
2.712713 -0.872965 -0.487783 0.100397 -0.717056
2.722723 -0.882318 -0.470655 0.093409 -0.689648
2.732733 -0.890994 -0.454016 0.086882 -0.663203
2.742743 -0.899022 -0.437904 0.080807 -0.637745
2.752753 -0.906431 -0.422354 0.075171 -0.613295
2.762763 -0.913249 -0.407402 0.069962 -0.589876
2.772773 -0.919503 -0.393082 0.065167 -0.567508
2.782783 -0.925221 -0.379428 0.060772 -0.546214
2.792793 -0.930429 -0.366472 0.056762 -0.526014
2.802803 -0.935152 -0.354246 0.053123 -0.506928
2.812813 -0.939416 -0.342778 0.049839 -0.488975
2.822823 -0.943245 -0.332097 0.046895 -0.472174
2.832833 -0.946662 -0.322229 0.044277 -0.456543
2.842843 -0.949688 -0.313197 0.041970 -0.442097
2.852853 -0.952345 -0.305024 0.039959 -0.428851
2.862863 -0.954650 -0.297729 0.038233 -0.416820
2.872873 -0.956623 -0.291330 0.036779 -0.406015
2.882883 -0.958277 -0.285843 0.035588 -0.396447
2.892893 -0.959626 -0.281280 0.034650 -0.388127
2.902903 -0.960682 -0.277652 0.033957 -0.381061
2.912913 -0.961453 -0.274969 0.033506 -0.375256
2.922923 -0.961947 -0.273237 0.033291 -0.370717
2.932933 -0.962167 -0.272461 0.033312 -0.367447
2.942943 -0.962116 -0.272642 0.033569 -0.365449
2.952953 -0.961792 -0.273782 0.034064 -0.364723
2.962963 -0.961193 -0.275878 0.034804 -0.365269
2.972973 -0.960312 -0.278927 0.035794 -0.367084
2.982983 -0.959143 -0.282922 0.037044 -0.370164
2.992993 -0.957674 -0.287856 0.038565 -0.374506
3.003003 -0.955892 -0.293718 0.040370 -0.380102
3.013013 -0.953783 -0.300495 0.042473 -0.386945
3.023023 -0.951331 -0.308172 0.044890 -0.395026
3.033033 -0.948515 -0.316732 0.047641 -0.404334
3.043043 -0.945316 -0.326155 0.050742 -0.414856
3.053053 -0.941713 -0.336419 0.054215 -0.426578
3.063063 -0.937681 -0.347498 0.058079 -0.439485
3.073073 -0.933197 -0.359365 0.062357 -0.453561
3.083083 -0.928236 -0.371992 0.067069 -0.468785
3.093093 -0.922772 -0.385346 0.072236 -0.485140
3.103103 -0.916780 -0.399392 0.077879 -0.502602
3.113113 -0.910234 -0.414095 0.084019 -0.521151
3.123123 -0.903106 -0.429417 0.090675 -0.540763
3.133133 -0.895372 -0.445318 0.097866 -0.561414
3.143143 -0.887006 -0.461758 0.105607 -0.583079
3.153153 -0.877982 -0.478694 0.113916 -0.605733
3.163163 -0.868274 -0.496084 0.122806 -0.629350
3.173173 -0.857859 -0.513885 0.132289 -0.653905
3.183183 -0.846712 -0.532051 0.142377 -0.679371
3.193193 -0.834809 -0.550540 0.153077 -0.705722
3.203203 -0.822124 -0.569308 0.164399 -0.732931
3.213213 -0.808635 -0.588311 0.176346 -0.760972
3.223223 -0.794316 -0.607504 0.188924 -0.789818
3.233233 -0.779143 -0.626846 0.202135 -0.819442
3.243243 -0.763089 -0.646294 0.215982 -0.849817
3.253253 -0.746126 -0.665804 0.230463 -0.880914
3.263263 -0.728228 -0.685335 0.245580 -0.912706
3.273273 -0.709363 -0.704844 0.261331 -0.945162
3.283283 -0.689499 -0.724287 0.277714 -0.978252
3.293293 -0.668603 -0.743620 0.294725 -1.011947
3.303303 -0.646637 -0.762798 0.312360 -1.046212
3.313313 -0.623564 -0.781772 0.330613 -1.081015
3.323323 -0.599344 -0.800491 0.349470 -1.116324
3.333333 -0.573937 -0.818899 0.368917 -1.152106
3.343343 -0.547304 -0.836934 0.388923 -1.188330
3.353353 -0.519409 -0.854526 0.409446 -1.224971
3.363363 -0.490224 -0.871596 0.430415 -1.262011
3.373373 -0.459733 -0.888057 0.451728 -1.299443
3.383383 -0.427932 -0.903811 0.473240 -1.337274
3.393393 -0.394829 -0.918755 0.494756 -1.375524
3.403403 -0.360441 -0.932782 0.516040 -1.414219
3.413413 -0.324774 -0.945792 0.536827 -1.453377
3.423423 -0.287814 -0.957686 0.556843 -1.492993
3.433433 -0.249506 -0.968373 0.575826 -1.533021
3.443443 -0.209746 -0.977756 0.593529 -1.573364
3.453453 -0.168382 -0.985722 0.609718 -1.613862
3.463463 -0.125213 -0.992130 0.624153 -1.654286
3.473473 -0.079988 -0.996796 0.636573 -1.694320
3.483483 -0.032414 -0.999475 0.646669 -1.733535
3.493493 0.017843 -0.999841 0.654064 -1.771348
3.503503 0.071143 -0.997466 0.658285 -1.806950
3.513513 0.127820 -0.991797 0.658750 -1.839213
3.523523 0.188076 -0.982155 0.654775 -1.866570
3.533533 0.251731 -0.967797 0.645674 -1.886932
3.543543 0.317741 -0.948177 0.631052 -1.897828
3.553554 0.383567 -0.923513 0.611420 -1.897209
3.563564 0.445503 -0.895281 0.588585 -1.884991
3.573574 0.501009 -0.865442 0.564629 -1.863416
3.583584 0.549781 -0.835309 0.540738 -1.835268
3.593594 0.592570 -0.805519 0.517342 -1.802686
3.603604 0.630278 -0.776369 0.494531 -1.767113
3.613614 0.663693 -0.748005 0.472272 -1.729513
3.623624 0.693446 -0.720508 0.450488 -1.690545
3.633634 0.720040 -0.693932 0.429088 -1.650670
3.643644 0.743876 -0.668318 0.407986 -1.610220
3.653654 0.765277 -0.643701 0.387106 -1.569437
3.663664 0.784512 -0.620114 0.366384 -1.528502
3.673674 0.801808 -0.597581 0.345785 -1.487549
3.683684 0.817365 -0.576120 0.325299 -1.446678
3.693694 0.831362 -0.555732 0.304956 -1.405966
3.703704 0.843963 -0.536401 0.284818 -1.365471
3.713714 0.855323 -0.518095 0.264973 -1.325243
3.723724 0.865578 -0.500774 0.245517 -1.285328
3.733734 0.874850 -0.484394 0.226539 -1.245770
3.743744 0.883244 -0.468915 0.208109 -1.206609
3.753754 0.890846 -0.454305 0.190275 -1.167887
3.763764 0.897731 -0.440544 0.173065 -1.129644
3.773774 0.903960 -0.427617 0.156492 -1.091914
3.783784 0.909586 -0.415516 0.140559 -1.054732
3.793794 0.914653 -0.404240 0.125260 -1.018128
3.803804 0.919200 -0.393791 0.110586 -0.982131
3.813814 0.923261 -0.384173 0.096526 -0.946765
3.823824 0.926866 -0.375393 0.083069 -0.912056
3.833834 0.930041 -0.367456 0.070203 -0.878024
3.843844 0.932809 -0.360372 0.057917 -0.844690
3.853854 0.935190 -0.354147 0.046199 -0.812073
3.863864 0.937201 -0.348789 0.035041 -0.780190
3.873874 0.938857 -0.344306 0.024431 -0.749059
3.883884 0.940171 -0.340703 0.014362 -0.718695
3.893894 0.941151 -0.337986 0.004823 -0.689113
3.903904 0.941806 -0.336158 -0.004194 -0.660325
3.913914 0.942139 -0.335221 -0.012699 -0.632346
3.923924 0.942155 -0.335178 -0.020703 -0.605187
3.933934 0.941853 -0.336026 -0.028216 -0.578858
3.943944 0.941231 -0.337765 -0.035250 -0.553370
3.953954 0.940285 -0.340389 -0.041819 -0.528729
3.963964 0.939009 -0.343893 -0.047937 -0.504944
3.973974 0.937395 -0.348268 -0.053620 -0.482020
3.983984 0.935432 -0.353506 -0.058885 -0.459961
3.993994 0.933109 -0.359593 -0.063752 -0.438769
4.004004 0.930411 -0.366517 -0.068240 -0.418445
4.014014 0.927323 -0.374263 -0.072372 -0.398987
4.024024 0.923827 -0.382811 -0.076170 -0.380393
4.034034 0.919904 -0.392144 -0.079661 -0.362657
4.044044 0.915535 -0.402239 -0.082870 -0.345773
4.054054 0.910697 -0.413074 -0.085824 -0.329732
4.064064 0.905370 -0.424624 -0.088551 -0.314523
4.074074 0.899529 -0.436861 -0.091080 -0.300132
4.084084 0.893150 -0.449758 -0.093440 -0.286545
4.094094 0.886210 -0.463283 -0.095663 -0.273745
4.104104 0.878684 -0.477404 -0.097778 -0.261713
4.114114 0.870547 -0.492085 -0.099815 -0.250427
4.124124 0.861774 -0.507292 -0.101804 -0.239865
4.134134 0.852342 -0.522985 -0.103776 -0.230002
4.144144 0.842227 -0.539123 -0.105758 -0.220809
4.154154 0.831407 -0.555664 -0.107780 -0.212257
4.164164 0.819861 -0.572563 -0.109867 -0.204315
4.174174 0.807569 -0.589773 -0.112045 -0.196950
4.184184 0.794514 -0.607245 -0.114337 -0.190125
4.194194 0.780682 -0.624929 -0.116764 -0.183804
4.204204 0.766058 -0.642772 -0.119345 -0.177948
4.214214 0.750633 -0.660719 -0.122096 -0.172514
4.224224 0.734402 -0.678715 -0.125029 -0.167462
4.234234 0.717361 -0.696702 -0.128153 -0.162748
4.244244 0.699510 -0.714623 -0.131474 -0.158327
4.254254 0.680856 -0.732417 -0.134994 -0.154154
4.264264 0.661407 -0.750027 -0.138710 -0.150183
4.274274 0.641177 -0.767393 -0.142615 -0.146370
4.284284 0.620185 -0.784455 -0.146699 -0.142670
4.294294 0.598454 -0.801157 -0.150945 -0.139039
4.304304 0.576011 -0.817442 -0.155334 -0.135434
4.314314 0.552889 -0.833255 -0.159841 -0.131817
4.324324 0.529126 -0.848544 -0.164438 -0.128148
4.334334 0.504761 -0.863259 -0.169092 -0.124394
4.344344 0.479841 -0.877356 -0.173767 -0.120522
4.354354 0.454414 -0.890791 -0.178423 -0.116506
4.364364 0.428533 -0.903526 -0.183019 -0.112322
4.374374 0.402254 -0.915528 -0.187508 -0.107951
4.384384 0.375634 -0.926768 -0.191845 -0.103380
4.394394 0.348732 -0.937222 -0.195981 -0.098600
4.404404 0.321611 -0.946872 -0.199866 -0.093607
4.414414 0.294332 -0.955703 -0.203452 -0.088402
4.424424 0.266957 -0.963708 -0.206688 -0.082993
4.434434 0.239550 -0.970884 -0.209527 -0.077391
4.444444 0.212172 -0.977232 -0.211921 -0.071613
4.454454 0.184883 -0.982761 -0.213823 -0.065682
4.464464 0.157742 -0.987480 -0.215192 -0.059623
4.474474 0.130807 -0.991408 -0.215986 -0.053466
4.484484 0.104132 -0.994564 -0.216167 -0.047247
4.494494 0.077768 -0.996971 -0.215700 -0.041003
4.504504 0.051765 -0.998659 -0.214555 -0.034775
4.514514 0.026168 -0.999658 -0.212705 -0.028607
4.524524 0.001020 -0.999999 -0.210126 -0.022545
4.534534 -0.023642 -0.999720 -0.206799 -0.016637
4.544544 -0.047782 -0.998858 -0.202711 -0.010932
4.554554 -0.071370 -0.997450 -0.197851 -0.005481
4.564564 -0.094378 -0.995536 -0.192212 -0.000334
4.574574 -0.116782 -0.993158 -0.185795 0.004458
4.584584 -0.138563 -0.990354 -0.178601 0.008845
4.594595 -0.159705 -0.987165 -0.170639 0.012775
4.604605 -0.180195 -0.983631 -0.161921 0.016202
4.614615 -0.200024 -0.979791 -0.152464 0.019077
4.624625 -0.219188 -0.975683 -0.142289 0.021356
4.634635 -0.237682 -0.971343 -0.131420 0.022995
4.644645 -0.255509 -0.966807 -0.119888 0.023954
4.654655 -0.272672 -0.962107 -0.107725 0.024195
4.664665 -0.289177 -0.957276 -0.094970 0.023685
4.674675 -0.305033 -0.952342 -0.081663 0.022392
4.684685 -0.320252 -0.947332 -0.067849 0.020290
4.694695 -0.334846 -0.942273 -0.053576 0.017356
4.704705 -0.348832 -0.937185 -0.038894 0.013572
4.714715 -0.362227 -0.932090 -0.023856 0.008923
4.724725 -0.375047 -0.927006 -0.008516 0.003400
4.734735 -0.387315 -0.921948 0.007070 -0.003002
4.744745 -0.399048 -0.916930 0.022847 -0.010285
4.754755 -0.410268 -0.911965 0.038759 -0.018447
4.764765 -0.420997 -0.907062 0.054752 -0.027481
4.774775 -0.431253 -0.902231 0.070772 -0.037378
4.784785 -0.441057 -0.897479 0.086771 -0.048128
4.794795 -0.450428 -0.892813 0.102701 -0.059717
4.804805 -0.459384 -0.888238 0.118519 -0.072132
4.814815 -0.467941 -0.883760 0.134185 -0.085358
4.824825 -0.476113 -0.879384 0.149665 -0.099383
4.834835 -0.483915 -0.875115 0.164927 -0.114192
4.844845 -0.491356 -0.870959 0.179945 -0.129774
4.854855 -0.498448 -0.866920 0.194695 -0.146119
4.864865 -0.505197 -0.863004 0.209157 -0.163220
4.874875 -0.511610 -0.859218 0.223315 -0.181070
4.884885 -0.517691 -0.855568 0.237155 -0.199666
4.894895 -0.523444 -0.852060 0.250664 -0.219007
4.904905 -0.528869 -0.848704 0.263832 -0.239093
4.914915 -0.533967 -0.845505 0.276649 -0.259927
4.924925 -0.538738 -0.842474 0.289106 -0.281514
4.934935 -0.543179 -0.839617 0.301193 -0.303859
4.944945 -0.547287 -0.836945 0.312902 -0.326970
4.954955 -0.551059 -0.834467 0.324224 -0.350855
4.964965 -0.554489 -0.832191 0.335148 -0.375523
4.974975 -0.557573 -0.830128 0.345663 -0.400984
4.984985 -0.560305 -0.828286 0.355756 -0.427248
4.994995 -0.562677 -0.826677 0.365414 -0.454325
5.005005 -0.564683 -0.825308 0.374622 -0.482225
5.015015 -0.566315 -0.824189 0.383362 -0.510959
5.025025 -0.567564 -0.823329 0.391617 -0.540536
5.035035 -0.568421 -0.822738 0.399365 -0.570965
5.045045 -0.568877 -0.822423 0.406585 -0.602254
5.055055 -0.568921 -0.822392 0.413252 -0.634412
5.065065 -0.568543 -0.822653 0.419338 -0.667444
5.075075 -0.567732 -0.823214 0.424816 -0.701357
5.085085 -0.566474 -0.824080 0.429653 -0.736155
5.095095 -0.564757 -0.825257 0.433815 -0.771842
5.105105 -0.562567 -0.826751 0.437265 -0.808419
5.115115 -0.559889 -0.828568 0.439961 -0.845887
5.125125 -0.556706 -0.830710 0.441860 -0.884243
5.135135 -0.553000 -0.833182 0.442915 -0.923485
5.145145 -0.548749 -0.835987 0.443074 -0.963606
5.155155 -0.543932 -0.839129 0.442284 -1.004594
5.165165 -0.538520 -0.842613 0.440487 -1.046436
5.175175 -0.532482 -0.846441 0.437626 -1.089112
5.185185 -0.525780 -0.850621 0.433643 -1.132594
5.195195 -0.518364 -0.855160 0.428483 -1.176844
5.205205 -0.510175 -0.860071 0.422104 -1.221812
5.215215 -0.501134 -0.865369 0.414478 -1.267432
5.225225 -0.491145 -0.871078 0.405604 -1.313617
5.235235 -0.480082 -0.877223 0.395517 -1.360261
5.245245 -0.467798 -0.883836 0.384290 -1.407235
5.255255 -0.454118 -0.890941 0.372030 -1.454395
5.265265 -0.438856 -0.898557 0.358862 -1.501588
5.275275 -0.421818 -0.906681 0.344905 -1.548659
5.285285 -0.402812 -0.915283 0.330242 -1.595454
5.295295 -0.381646 -0.924309 0.314908 -1.641813
5.305305 -0.358124 -0.933674 0.298885 -1.687557
5.315315 -0.332035 -0.943267 0.282096 -1.732471
5.325325 -0.303139 -0.952947 0.264421 -1.776279
5.335335 -0.271158 -0.962535 0.245690 -1.818612
5.345345 -0.235766 -0.971810 0.225694 -1.858971
5.355355 -0.196589 -0.980486 0.204186 -1.896663
5.365365 -0.153217 -0.988193 0.180887 -1.930729
5.375375 -0.105259 -0.994445 0.155518 -1.959844
5.385385 -0.052490 -0.998621 0.127866 -1.982223
5.395395 0.004827 -0.999988 0.097943 -1.995644
5.405405 0.065342 -0.997863 0.066273 -1.997862
5.415415 0.126048 -0.992024 0.034156 -1.987793
5.425425 0.183253 -0.983066 0.003227 -1.966728
5.435435 0.234893 -0.972021 -0.025608 -1.937495
5.445445 0.280775 -0.959774 -0.052277 -1.902682
5.455455 0.321452 -0.946926 -0.077051 -1.864093
5.465465 0.357591 -0.933878 -0.100253 -1.822911
5.475475 0.389782 -0.920907 -0.122178 -1.779917
5.485485 0.418507 -0.908214 -0.143070 -1.735639
5.495495 0.444151 -0.895952 -0.163127 -1.690441
5.505505 0.467026 -0.884244 -0.182499 -1.644585
5.515515 0.487384 -0.873188 -0.201292 -1.598257
5.525525 0.505442 -0.862861 -0.219565 -1.551603
5.535535 0.521394 -0.853316 -0.237319 -1.504740
5.545545 0.535426 -0.844582 -0.254503 -1.457780
5.555555 0.547723 -0.836660 -0.271010 -1.410834
5.565565 0.558474 -0.829522 -0.286693 -1.364024
5.575575 0.567865 -0.823122 -0.301394 -1.317478
5.585585 0.576068 -0.817402 -0.314974 -1.271323
5.595595 0.583234 -0.812304 -0.327328 -1.225676
5.605605 0.589487 -0.807778 -0.338400 -1.180639
5.615615 0.594925 -0.803781 -0.348174 -1.136292
5.625626 0.599622 -0.800283 -0.356669 -1.092700
5.635636 0.603635 -0.797261 -0.363923 -1.049908
5.645646 0.607008 -0.794696 -0.369988 -1.007954
5.655656 0.609775 -0.792575 -0.374920 -0.966861
5.665666 0.611963 -0.790887 -0.378779 -0.926649
5.675676 0.613594 -0.789622 -0.381621 -0.887330
5.685686 0.614687 -0.788771 -0.383503 -0.848913
5.695696 0.615258 -0.788326 -0.384476 -0.811402
5.705706 0.615322 -0.788276 -0.384587 -0.774800
5.715716 0.614891 -0.788612 -0.383883 -0.739107
5.725726 0.613978 -0.789324 -0.382403 -0.704321
5.735736 0.612592 -0.790399 -0.380187 -0.670439
5.745746 0.610745 -0.791828 -0.377268 -0.637456
5.755756 0.608446 -0.793595 -0.373679 -0.605365
5.765766 0.605704 -0.795690 -0.369449 -0.574160
5.775776 0.602530 -0.798096 -0.364604 -0.543830
5.785786 0.598931 -0.800801 -0.359169 -0.514366
5.795796 0.594916 -0.803788 -0.353165 -0.485758
5.805806 0.590493 -0.807043 -0.346612 -0.457995
5.815816 0.585671 -0.810549 -0.339527 -0.431064
5.825826 0.580458 -0.814290 -0.331925 -0.404953
5.835836 0.574862 -0.818250 -0.323820 -0.379650
5.845846 0.568890 -0.822414 -0.315224 -0.355143
5.855856 0.562550 -0.826763 -0.306146 -0.331418
5.865866 0.555849 -0.831283 -0.296595 -0.308465
5.875876 0.548794 -0.835958 -0.286578 -0.286272
5.885886 0.541391 -0.840771 -0.276099 -0.264829
5.895896 0.533647 -0.845707 -0.265166 -0.244127
5.905906 0.525566 -0.850753 -0.253781 -0.224160
5.915916 0.517153 -0.855893 -0.241948 -0.204921
5.925926 0.508413 -0.861113 -0.229673 -0.186407
5.935936 0.499348 -0.866402 -0.216961 -0.168618
5.945946 0.489959 -0.871745 -0.203817 -0.151554
5.955956 0.480248 -0.877133 -0.190249 -0.135221
5.965966 0.470214 -0.882553 -0.176269 -0.119624
5.975976 0.459853 -0.887995 -0.161891 -0.104774
5.985986 0.449163 -0.893450 -0.147130 -0.090683
5.995996 0.438137 -0.898908 -0.132010 -0.077366
6.006006 0.426766 -0.904362 -0.116558 -0.064839
6.016016 0.415042 -0.909802 -0.100804 -0.053121
6.026026 0.402952 -0.915221 -0.084789 -0.042232
6.036036 0.390482 -0.920611 -0.068554 -0.032193
6.046046 0.377616 -0.925962 -0.052150 -0.023022
6.056056 0.364338 -0.931267 -0.035631 -0.014738
6.066066 0.350628 -0.936515 -0.019059 -0.007358
6.076076 0.336467 -0.941695 -0.002496 -0.000896
6.086086 0.321835 -0.946796 0.013989 0.004640
6.096096 0.306710 -0.951803 0.030327 0.009245
6.106106 0.291074 -0.956701 0.046448 0.012917
6.116116 0.274906 -0.961471 0.062280 0.015663
6.126126 0.258188 -0.966095 0.077754 0.017492
6.136136 0.240905 -0.970549 0.092803 0.018423
6.146146 0.223042 -0.974809 0.107364 0.018478
6.156156 0.204587 -0.978848 0.121375 0.017683
6.166166 0.185531 -0.982639 0.134782 0.016073
6.176176 0.165867 -0.986148 0.147535 0.013684
6.186186 0.145594 -0.989344 0.159589 0.010558
6.196196 0.124712 -0.992193 0.170905 0.006740
6.206206 0.103226 -0.994658 0.181449 0.002278
6.216216 0.081143 -0.996702 0.191195 -0.002777
6.226226 0.058476 -0.998289 0.200120 -0.008371
6.236236 0.035240 -0.999379 0.208209 -0.014452
6.246246 0.011455 -0.999934 0.215452 -0.020963
6.256256 -0.012854 -0.999917 0.221844 -0.027849
6.266266 -0.037660 -0.999291 0.227387 -0.035055
6.276276 -0.062932 -0.998018 0.232085 -0.042526
6.286286 -0.088634 -0.996064 0.235951 -0.050208
6.296296 -0.114727 -0.993397 0.239000 -0.058048
6.306306 -0.141168 -0.989986 0.241251 -0.065997
6.316316 -0.167911 -0.985802 0.242731 -0.074005
6.326326 -0.194907 -0.980822 0.243466 -0.082029
6.336336 -0.222105 -0.975023 0.243490 -0.090025
6.346346 -0.249450 -0.968388 0.242838 -0.097955
6.356356 -0.276885 -0.960903 0.241548 -0.105785
6.366366 -0.304352 -0.952560 0.239661 -0.113483
6.376376 -0.331791 -0.943353 0.237220 -0.121023
6.386386 -0.359142 -0.933283 0.234270 -0.128384
6.396396 -0.386343 -0.922355 0.230858 -0.135549
6.406406 -0.413333 -0.910580 0.227029 -0.142507
6.416416 -0.440052 -0.897972 0.222831 -0.149249
6.426426 -0.466440 -0.884553 0.218311 -0.155775
6.436436 -0.492438 -0.870347 0.213514 -0.162088
6.446446 -0.517992 -0.855386 0.208487 -0.168196
6.456456 -0.543046 -0.839703 0.203271 -0.174112
6.466466 -0.567550 -0.823339 0.197907 -0.179853
6.476476 -0.591457 -0.806336 0.192435 -0.185440
6.486486 -0.614722 -0.788743 0.186890 -0.190899
6.496496 -0.637306 -0.770611 0.181303 -0.196260
6.506506 -0.659173 -0.751991 0.175704 -0.201555
6.516516 -0.680291 -0.732942 0.170117 -0.206818
6.526526 -0.700634 -0.713521 0.164562 -0.212087
6.536536 -0.720179 -0.693788 0.159057 -0.217402
6.546546 -0.738910 -0.673804 0.153613 -0.222802
6.556556 -0.756813 -0.653632 0.148239 -0.228329
6.566566 -0.773879 -0.633333 0.142938 -0.234026
6.576576 -0.790107 -0.612969 0.137711 -0.239934
6.586586 -0.805495 -0.592602 0.132552 -0.246096
6.596596 -0.820049 -0.572293 0.127456 -0.252551
6.606606 -0.833777 -0.552101 0.122409 -0.259341
6.616616 -0.846691 -0.532085 0.117398 -0.266504
6.626626 -0.858806 -0.512300 0.112404 -0.274077
6.636636 -0.870141 -0.492802 0.107408 -0.282096
6.646646 -0.880716 -0.473644 0.102388 -0.290595
6.656656 -0.890554 -0.454877 0.097317 -0.299605
6.666667 -0.899681 -0.436548 0.092171 -0.309155
6.676677 -0.908123 -0.418705 0.086922 -0.319272
6.686687 -0.915907 -0.401391 0.081540 -0.329983
6.696697 -0.923063 -0.384649 0.075997 -0.341309
6.706707 -0.929620 -0.368518 0.070263 -0.353272
6.716717 -0.935610 -0.353037 0.064308 -0.365889
6.726727 -0.941060 -0.338239 0.058101 -0.379177
6.736737 -0.946003 -0.324159 0.051615 -0.393149
6.746747 -0.950466 -0.310827 0.044819 -0.407818
6.756757 -0.954481 -0.298273 0.037686 -0.423194
6.766767 -0.958074 -0.286523 0.030189 -0.439285
6.776777 -0.961272 -0.275601 0.022304 -0.456096
6.786787 -0.964102 -0.265531 0.014005 -0.473632
6.796797 -0.966588 -0.256333 0.005271 -0.491896
6.806807 -0.968753 -0.248026 -0.003920 -0.510889
6.816817 -0.970618 -0.240626 -0.013586 -0.530609
6.826827 -0.972201 -0.234148 -0.023744 -0.551054
6.836837 -0.973520 -0.228604 -0.034410 -0.572222
6.846847 -0.974588 -0.224004 -0.045597 -0.594107
6.856857 -0.975419 -0.220357 -0.057318 -0.616702
6.866867 -0.976022 -0.217670 -0.069581 -0.640001
6.876877 -0.976405 -0.215947 -0.082396 -0.663995
6.886887 -0.976572 -0.215191 -0.095769 -0.688675
6.896897 -0.976525 -0.215404 -0.109708 -0.714030
6.906907 -0.976264 -0.216584 -0.124217 -0.740049
6.916917 -0.975785 -0.218731 -0.139299 -0.766719
6.926927 -0.975083 -0.221840 -0.154960 -0.794026
6.936937 -0.974149 -0.225908 -0.171201 -0.821958
6.946947 -0.972971 -0.230929 -0.188027 -0.850497
6.956957 -0.971534 -0.236898 -0.205440 -0.879627
6.966967 -0.969823 -0.243809 -0.223445 -0.909330
6.976977 -0.967817 -0.251654 -0.242044 -0.939588
6.986987 -0.965493 -0.260428 -0.261241 -0.970378
6.996997 -0.962825 -0.270124 -0.281041 -1.001678
7.007007 -0.959784 -0.280740 -0.301446 -1.033463
7.017017 -0.956335 -0.292272 -0.322460 -1.065707
7.027027 -0.952442 -0.304720 -0.344080 -1.098380
7.037037 -0.948061 -0.318088 -0.366305 -1.131451
7.047047 -0.943144 -0.332385 -0.389122 -1.164888
7.057057 -0.937633 -0.347626 -0.412513 -1.198654
7.067067 -0.931463 -0.363835 -0.436443 -1.232716
7.077077 -0.924557 -0.381044 -0.460860 -1.267037
7.087087 -0.916822 -0.399295 -0.485690 -1.301584
7.097097 -0.908152 -0.418640 -0.510836 -1.336322
7.107107 -0.898422 -0.439134 -0.536187 -1.371221
7.117117 -0.887490 -0.460828 -0.561624 -1.406244
7.127127 -0.875199 -0.483762 -0.587036 -1.441344
7.137137 -0.861380 -0.507962 -0.612340 -1.476455
7.147147 -0.845843 -0.533432 -0.637482 -1.511484
7.157157 -0.828382 -0.560163 -0.662439 -1.546299
7.167167 -0.808764 -0.588133 -0.687207 -1.580718
7.177177 -0.786718 -0.617312 -0.711794 -1.614502
7.187187 -0.761926 -0.647664 -0.736202 -1.647333
7.197197 -0.734009 -0.679139 -0.760413 -1.678791
7.207207 -0.702513 -0.711671 -0.784371 -1.708315
7.217217 -0.666895 -0.745151 -0.807950 -1.735153
7.227227 -0.626531 -0.779397 -0.830907 -1.758289
7.237237 -0.580747 -0.814084 -0.852808 -1.776364
7.247247 -0.528962 -0.848646 -0.872920 -1.787631
7.257257 -0.471037 -0.882113 -0.890079 -1.790080
7.267267 -0.407982 -0.912990 -0.902670 -1.782061
7.277277 -0.342609 -0.939478 -0.909069 -1.763567
7.287287 -0.278436 -0.960455 -0.908670 -1.736860
7.297297 -0.217438 -0.976074 -0.902158 -1.704881
7.307307 -0.159968 -0.987122 -0.890661 -1.669828
7.317317 -0.105714 -0.994397 -0.875171 -1.633096
7.327327 -0.054218 -0.998529 -0.856436 -1.595560
7.337337 -0.005037 -0.999987 -0.835007 -1.557796
7.347347 0.042211 -0.999109 -0.811294 -1.520194
7.357357 0.087846 -0.996134 -0.785613 -1.483031
7.367367 0.132130 -0.991232 -0.758222 -1.446505
7.377377 0.175266 -0.984521 -0.729350 -1.410750
7.387387 0.217396 -0.976083 -0.699225 -1.375840
7.397397 0.258603 -0.965984 -0.668094 -1.341793
7.407407 0.298901 -0.954284 -0.636237 -1.308568
7.417417 0.338247 -0.941058 -0.603966 -1.276073
7.427427 0.376553 -0.926395 -0.571608 -1.244187
7.437437 0.413715 -0.910406 -0.539475 -1.212779
7.447447 0.449636 -0.893212 -0.507836 -1.181739
7.457457 0.484241 -0.874934 -0.476901 -1.150988
7.467467 0.517486 -0.855692 -0.446821 -1.120481
7.477477 0.549350 -0.835593 -0.417694 -1.090202
7.487487 0.579834 -0.814734 -0.389581 -1.060159
7.497497 0.608955 -0.793205 -0.362513 -1.030376
7.507507 0.636734 -0.771083 -0.336503 -1.000884
7.517517 0.663201 -0.748442 -0.311554 -0.971719
7.527527 0.688384 -0.725347 -0.287660 -0.942920
7.537537 0.712313 -0.701862 -0.264812 -0.914526
7.547547 0.735019 -0.678046 -0.242997 -0.886575
7.557557 0.756530 -0.653959 -0.222202 -0.859105
7.567567 0.776873 -0.629657 -0.202410 -0.832151
7.577577 0.796076 -0.605196 -0.183607 -0.805749
7.587587 0.814166 -0.580633 -0.165773 -0.779931
7.597597 0.831168 -0.556022 -0.148891 -0.754731
7.607607 0.847108 -0.531420 -0.132940 -0.730178
7.617617 0.862015 -0.506882 -0.117898 -0.706304
7.627627 0.875916 -0.482464 -0.103742 -0.683138
7.637637 0.888838 -0.458221 -0.090447 -0.660708
7.647647 0.900813 -0.434208 -0.077984 -0.639043
7.657657 0.911870 -0.410480 -0.066325 -0.618169
7.667667 0.922042 -0.387089 -0.055439 -0.598114
7.677677 0.931364 -0.364090 -0.045291 -0.578903
7.687687 0.939870 -0.341533 -0.035848 -0.560562
7.697697 0.947597 -0.319467 -0.027072 -0.543115
7.707708 0.954584 -0.297941 -0.018926 -0.526586
7.717718 0.960870 -0.277001 -0.011368 -0.510997
7.727728 0.966494 -0.256691 -0.004359 -0.496370
7.737738 0.971497 -0.237051 0.002145 -0.482725
7.747748 0.975922 -0.218121 0.008184 -0.470081
7.757758 0.979809 -0.199937 0.013803 -0.458457
7.767768 0.983200 -0.182533 0.019043 -0.447867
7.777778 0.986136 -0.165939 0.023949 -0.438328
7.787788 0.988658 -0.150183 0.028562 -0.429852
7.797798 0.990806 -0.135291 0.032923 -0.422451
7.807808 0.992618 -0.121286 0.037074 -0.416137
7.817818 0.994130 -0.108189 0.041053 -0.410917
7.827828 0.995380 -0.096017 0.044898 -0.406799
7.837838 0.996399 -0.084787 0.048645 -0.403789
7.847848 0.997220 -0.074513 0.052327 -0.401893
7.857858 0.997872 -0.065206 0.055977 -0.401114
7.867868 0.998381 -0.056878 0.059623 -0.401454
7.877878 0.998772 -0.049536 0.063292 -0.402916
7.887888 0.999067 -0.043189 0.067010 -0.405500
7.897898 0.999284 -0.037842 0.070797 -0.409206
7.907908 0.999439 -0.033499 0.074672 -0.414034
7.917918 0.999545 -0.030166 0.078652 -0.419982
7.927928 0.999612 -0.027843 0.082750 -0.427047
7.937938 0.999648 -0.026533 0.086977 -0.435229
7.947948 0.999656 -0.026235 0.091341 -0.444522
7.957958 0.999637 -0.026950 0.095846 -0.454924
7.967968 0.999589 -0.028675 0.100494 -0.466430
7.977978 0.999507 -0.031407 0.105287 -0.479035
7.987988 0.999382 -0.035143 0.110220 -0.492735
7.997998 0.999205 -0.039878 0.115288 -0.507523
8.008008 0.998960 -0.045606 0.120484 -0.523393
8.018018 0.998630 -0.052319 0.125798 -0.540339
8.028028 0.998198 -0.060008 0.131219 -0.558354
8.038038 0.997640 -0.068666 0.136734 -0.577429
8.048048 0.996931 -0.078280 0.142327 -0.597558
8.058058 0.996046 -0.088838 0.147982 -0.618732
8.068068 0.994954 -0.100329 0.153683 -0.640942
8.078078 0.993625 -0.112737 0.159412 -0.664180
8.088088 0.992024 -0.126048 0.165150 -0.688435
8.098098 0.990117 -0.140247 0.170877 -0.713699
8.108108 0.987865 -0.155316 0.176575 -0.739960
8.118118 0.985230 -0.171238 0.182224 -0.767209
8.128128 0.982170 -0.187996 0.187804 -0.795435
8.138138 0.978642 -0.205570 0.193295 -0.824626
8.148148 0.974602 -0.223944 0.198678 -0.854770
8.158158 0.970002 -0.243097 0.203932 -0.885854
8.168168 0.964793 -0.263011 0.209039 -0.917866
8.178178 0.958923 -0.283666 0.213978 -0.950791
8.188188 0.952338 -0.305044 0.218728 -0.984614
8.198198 0.944981 -0.327125 0.223269 -1.019319
8.208208 0.936791 -0.349891 0.227580 -1.054888
8.218218 0.927703 -0.373320 0.231640 -1.091301
8.228228 0.917648 -0.397393 0.235427 -1.128539
8.238238 0.906555 -0.422088 0.238920 -1.166577
8.248248 0.894343 -0.447381 0.242100 -1.205391
8.258258 0.880931 -0.473244 0.244952 -1.244950
8.268268 0.866231 -0.499644 0.247468 -1.285222
8.278278 0.850151 -0.526539 0.249655 -1.326167
8.288288 0.832597 -0.553879 0.251539 -1.367741
8.298298 0.813475 -0.581599 0.253175 -1.409889
8.308308 0.792690 -0.609625 0.254650 -1.452544
8.318318 0.770145 -0.637869 0.256086 -1.495624
8.328328 0.745735 -0.666242 0.257631 -1.539028
8.338338 0.719341 -0.694657 0.259444 -1.582630
8.348348 0.690816 -0.723031 0.261681 -1.626272
8.358358 0.659976 -0.751286 0.264487 -1.669757
8.368368 0.626594 -0.779346 0.267993 -1.712837
8.378378 0.590383 -0.807123 0.272315 -1.755191
8.388388 0.550991 -0.834511 0.277558 -1.796402
8.398398 0.507988 -0.861364 0.283821 -1.835915
8.408408 0.460859 -0.887473 0.291188 -1.872974
8.418418 0.409005 -0.912532 0.299717 -1.906542
8.428428 0.351780 -0.936083 0.309397 -1.935184
8.438438 0.288621 -0.957443 0.320068 -1.956949
8.448448 0.219384 -0.975639 0.331266 -1.969360
8.458458 0.145072 -0.989421 0.341980 -1.969843
8.468468 0.068779 -0.997632 0.350536 -1.957118
8.478478 -0.005022 -0.999987 0.355264 -1.932829
8.488488 -0.073583 -0.997289 0.355654 -1.900481
8.498498 -0.136544 -0.990634 0.352142 -1.863094
8.508508 -0.194510 -0.980900 0.345366 -1.822645
8.518518 -0.248232 -0.968701 0.335876 -1.780377
8.528528 -0.298372 -0.954450 0.324097 -1.737095
8.538538 -0.345470 -0.938430 0.310356 -1.693342
8.548548 -0.389956 -0.920833 0.294913 -1.649500
8.558558 -0.432165 -0.901795 0.277991 -1.605840
8.568568 -0.472349 -0.881412 0.259799 -1.562558
8.578578 -0.510687 -0.859767 0.240559 -1.519790
8.588588 -0.547290 -0.836943 0.220521 -1.477619
8.598598 -0.582210 -0.813039 0.199975 -1.436086
8.608608 -0.615450 -0.788176 0.179235 -1.395198
8.618618 -0.646991 -0.762498 0.158620 -1.354943
8.628629 -0.676807 -0.736160 0.138420 -1.315302
8.638639 -0.704889 -0.709318 0.118866 -1.276264
8.648649 -0.731248 -0.682112 0.100124 -1.237828
8.658659 -0.755918 -0.654666 0.082296 -1.200007
8.668669 -0.778950 -0.627086 0.065434 -1.162823
8.678679 -0.800405 -0.599460 0.049557 -1.126304
8.688689 -0.820348 -0.571864 0.034659 -1.090481
8.698699 -0.838849 -0.544364 0.020719 -1.055385
8.708709 -0.855975 -0.517017 0.007710 -1.021049
8.718719 -0.871792 -0.489876 -0.004402 -0.987504
8.728729 -0.886364 -0.462989 -0.015649 -0.954777
8.738739 -0.899752 -0.436402 -0.026068 -0.922896
8.748749 -0.912014 -0.410159 -0.035693 -0.891886
8.758759 -0.923207 -0.384302 -0.044559 -0.861771
8.768769 -0.933387 -0.358872 -0.052700 -0.832572
8.778779 -0.942605 -0.333910 -0.060151 -0.804309
8.788789 -0.950915 -0.309453 -0.066947 -0.777001
8.798799 -0.958367 -0.285540 -0.073122 -0.750666
8.808809 -0.965011 -0.262208 -0.078711 -0.725320
8.818819 -0.970898 -0.239493 -0.083749 -0.700977
8.828829 -0.976076 -0.217429 -0.088272 -0.677652
8.838839 -0.980594 -0.196050 -0.092317 -0.655357
8.848849 -0.984500 -0.175387 -0.095918 -0.634106
8.858859 -0.987841 -0.155470 -0.099114 -0.613907
8.868869 -0.990664 -0.136329 -0.101941 -0.594773
8.878879 -0.993015 -0.117989 -0.104435 -0.576712
8.888889 -0.994939 -0.100477 -0.106635 -0.559731
8.898899 -0.996481 -0.083814 -0.108576 -0.543840
8.908909 -0.997684 -0.068023 -0.110295 -0.529044
8.918919 -0.998588 -0.053122 -0.111826 -0.515349
8.928929 -0.999234 -0.039130 -0.113205 -0.502760
8.938939 -0.999660 -0.026061 -0.114466 -0.491282
8.948949 -0.999903 -0.013931 -0.115639 -0.480917
8.958959 -0.999996 -0.002750 -0.116755 -0.471670
8.968969 -0.999972 0.007470 -0.117845 -0.463540
8.978979 -0.999860 0.016721 -0.118933 -0.456531
8.988989 -0.999688 0.024994 -0.120046 -0.450644
8.998999 -0.999479 0.032282 -0.121206 -0.445878
9.009009 -0.999255 0.038581 -0.122433 -0.442234
9.019019 -0.999037 0.043886 -0.123746 -0.439712
9.029029 -0.998838 0.048194 -0.125160 -0.438311
9.039039 -0.998673 0.051501 -0.126687 -0.438030
9.049049 -0.998551 0.053806 -0.128339 -0.438870
9.059059 -0.998480 0.055108 -0.130122 -0.440829
9.069069 -0.998464 0.055406 -0.132041 -0.443905
9.079079 -0.998503 0.054701 -0.134099 -0.448098
9.089089 -0.998595 0.052993 -0.136295 -0.453406
9.099099 -0.998735 0.050284 -0.138627 -0.459828
9.109109 -0.998915 0.046575 -0.141087 -0.467363
9.119119 -0.999123 0.041871 -0.143669 -0.476008
9.129129 -0.999346 0.036174 -0.146362 -0.485763
9.139139 -0.999565 0.029490 -0.149152 -0.496625
9.149149 -0.999762 0.021824 -0.152024 -0.508592
9.159159 -0.999913 0.013182 -0.154962 -0.521662
9.169169 -0.999994 0.003573 -0.157946 -0.535831
9.179179 -0.999976 -0.006995 -0.160956 -0.551097
9.189189 -0.999829 -0.018511 -0.163970 -0.567456
9.199199 -0.999520 -0.030965 -0.166963 -0.584904
9.209209 -0.999016 -0.044343 -0.169912 -0.603437
9.219219 -0.998280 -0.058633 -0.172790 -0.623050
9.229229 -0.997272 -0.073818 -0.175571 -0.643737
9.239239 -0.995952 -0.089883 -0.178228 -0.665493
9.249249 -0.994279 -0.106810 -0.180734 -0.688311
9.259259 -0.992210 -0.124580 -0.183061 -0.712184
9.269269 -0.989697 -0.143175 -0.185181 -0.737105
9.279279 -0.986697 -0.162572 -0.187067 -0.763065
9.289289 -0.983159 -0.182751 -0.188690 -0.790056
9.299299 -0.979036 -0.203690 -0.190023 -0.818067
9.309309 -0.974275 -0.225364 -0.191038 -0.847088
9.319319 -0.968824 -0.247752 -0.191706 -0.877107
9.329329 -0.962628 -0.270828 -0.192000 -0.908113
9.339339 -0.955631 -0.294567 -0.191891 -0.940091
9.349349 -0.947774 -0.318944 -0.191350 -0.973027
9.359359 -0.938994 -0.343933 -0.190348 -1.006904
9.369369 -0.929228 -0.369507 -0.188856 -1.041704
9.379379 -0.918407 -0.395637 -0.186842 -1.077408
9.389389 -0.906459 -0.422293 -0.184276 -1.113995
9.399399 -0.893309 -0.449442 -0.181131 -1.151440
9.409409 -0.878878 -0.477047 -0.177378 -1.189718
9.419419 -0.863080 -0.505067 -0.172998 -1.228798
9.429429 -0.845832 -0.533450 -0.167980 -1.268648
9.439439 -0.827045 -0.562135 -0.162330 -1.309232
9.449449 -0.806635 -0.591049 -0.156081 -1.350509
9.459459 -0.784522 -0.620100 -0.149304 -1.392433
9.469469 -0.760634 -0.649181 -0.142116 -1.434951
9.479479 -0.734908 -0.678167 -0.134686 -1.478001
9.489489 -0.707283 -0.706930 -0.127227 -1.521507
9.499500 -0.677696 -0.735343 -0.119981 -1.565375
9.509510 -0.646060 -0.763287 -0.113191 -1.609484
9.519520 -0.612257 -0.790659 -0.107085 -1.653678
9.529530 -0.576119 -0.817366 -0.101862 -1.697752
9.539540 -0.537424 -0.843312 -0.097698 -1.741445
9.549550 -0.495882 -0.868390 -0.094751 -1.784410
9.559560 -0.451134 -0.892456 -0.093171 -1.826192
9.569570 -0.402738 -0.915316 -0.093113 -1.866174
9.579580 -0.350168 -0.936687 -0.094736 -1.903514
9.589590 -0.292832 -0.956164 -0.098196 -1.937039
9.599600 -0.230137 -0.973158 -0.103609 -1.965121
9.609610 -0.161682 -0.986843 -0.110958 -1.985556
9.619620 -0.087720 -0.996145 -0.119894 -1.995627
9.629630 -0.010054 -0.999949 -0.129404 -1.992802
9.639640 0.067305 -0.997732 -0.137679 -1.976498
9.649650 0.140066 -0.990142 -0.143044 -1.949229
9.659660 0.206539 -0.978438 -0.145029 -1.914601
9.669670 0.267006 -0.963695 -0.143930 -1.875359
9.679680 0.322294 -0.946640 -0.140197 -1.833263
9.689690 0.373212 -0.927746 -0.134231 -1.789431
9.699700 0.420434 -0.907323 -0.126351 -1.744597
9.709710 0.464492 -0.885577 -0.116809 -1.699265
9.719720 0.505807 -0.862647 -0.105820 -1.653794
9.729730 0.544698 -0.838633 -0.093576 -1.608442
9.739740 0.581406 -0.813613 -0.080272 -1.563401
9.749750 0.616103 -0.787666 -0.066125 -1.518806
9.759760 0.648894 -0.760879 -0.051383 -1.474750
9.769770 0.679839 -0.733362 -0.036325 -1.431294
9.779780 0.708961 -0.705248 -0.021249 -1.388470
9.789790 0.736273 -0.676685 -0.006437 -1.346299
9.799800 0.761789 -0.647825 0.007873 -1.304795
9.809810 0.785543 -0.618807 0.021501 -1.263974
9.819820 0.807582 -0.589756 0.034331 -1.223856
9.829830 0.827970 -0.560772 0.046302 -1.184466
9.839840 0.846782 -0.531940 0.057390 -1.145830
9.849850 0.864094 -0.503330 0.067599 -1.107975
9.859860 0.879986 -0.475000 0.076948 -1.070929
9.869870 0.894534 -0.447000 0.085468 -1.034718
9.879880 0.907813 -0.419375 0.093191 -0.999367
9.889890 0.919895 -0.392164 0.100154 -0.964898
9.899900 0.930848 -0.365406 0.106393 -0.931333
9.909910 0.940737 -0.339136 0.111945 -0.898691
9.919920 0.949625 -0.313388 0.116844 -0.866991
9.929930 0.957571 -0.288196 0.121127 -0.836248
9.939940 0.964634 -0.263592 0.124827 -0.806477
9.949950 0.970870 -0.239607 0.127980 -0.777693
9.959960 0.976333 -0.216272 0.130619 -0.749907
9.969970 0.981078 -0.193615 0.132778 -0.723132
9.979980 0.985155 -0.171667 0.134492 -0.697378
9.989990 0.988617 -0.150454 0.135794 -0.672654
